4.542280208094000045e+03,-1.875000156250000000e+05,-1.230971796875000000e+05,-1.257589609375000000e+05,1.362640527343750000e+04,-1.875000156250000000e+05,4.594828125000000000e+04,-1.229810859375000000e+05,-1.319691093750000000e+05
4.542280752251000195e+03,-1.875000156250000000e+05,-1.231683515625000000e+05,-1.258310703125000000e+05,1.367419335937500000e+04,-1.875000156250000000e+05,4.600024609375000000e+04,-1.230219687500000000e+05,-1.319597968750000000e+05
4.542281102799000109e+03,-1.875000156250000000e+05,-1.232089140625000000e+05,-1.258393593750000000e+05,1.369453417968750000e+04,-1.875000156250000000e+05,4.602186328125000000e+04,-1.230074375000000000e+05,-1.319231250000000000e+05
4.542281446502999643e+03,-1.875000156250000000e+05,-1.231618203125000000e+05,-1.257769296875000000e+05,1.366442578125000000e+04,-1.875000156250000000e+05,4.599309375000000000e+04,-1.229648593750000000e+05,-1.319142812500000000e+05
4.542282003371000428e+03,-1.875000156250000000e+05,-1.230931328125000000e+05,-1.257215703125000000e+05,1.362128710937500000e+04,-1.875000156250000000e+05,4.595102734375000000e+04,-1.229413906250000000e+05,-1.319347656250000000e+05
4.542282353431000047e+03,-1.875000156250000000e+05,-1.230783359375000000e+05,-1.257388203125000000e+05,1.361156445312500000e+04,-1.875000156250000000e+05,4.594407812500000000e+04,-1.229736875000000000e+05,-1.319699687500000000e+05
4.542335475445999691e+03,-1.875000156250000000e+05,-1.231628750000000000e+05,-1.258257265625000000e+05,1.366704101562500000e+04,-1.875000156250000000e+05,4.600134375000000000e+04,-1.230224140625000000e+05,-1.319652812500000000e+05
4.542336069472000418e+03,-1.875000156250000000e+05,-1.232108593750000000e+05,-1.258378203125000000e+05,1.368883398437500000e+04,-1.875000156250000000e+05,4.602606250000000000e+04,-1.230051328125000000e+05,-1.319267968750000000e+05
4.542336542248000114e+03,-1.875000156250000000e+05,-1.231600312500000000e+05,-1.257737109375000000e+05,1.364786328125000000e+04,-1.875000156250000000e+05,4.598569531250000000e+04,-1.229594531250000000e+05,-1.319207500000000000e+05
4.542337181253000381e+03,-1.875000156250000000e+05,-1.230991953125000000e+05,-1.257252343750000000e+05,1.362329882812500000e+04,-1.875000156250000000e+05,4.596064062500000000e+04,-1.229369609375000000e+05,-1.319327968750000000e+05
4.542337665273999846e+03,-1.875000156250000000e+05,-1.230733281250000000e+05,-1.257352031250000000e+05,1.360441113281250000e+04,-1.875000156250000000e+05,4.594043359375000000e+04,-1.229633359375000000e+05,-1.319635781250000000e+05
4.542338129738000134e+03,-1.875000156250000000e+05,-1.231571953125000000e+05,-1.258308671875000000e+05,1.364828808593750000e+04,-1.875000156250000000e+05,4.598607812500000000e+04,-1.230300781250000000e+05,-1.319783281250000000e+05
4.542338873859000159e+03,-1.875000156250000000e+05,-1.232162031250000000e+05,-1.258427109375000000e+05,1.369576367187500000e+04,-1.875000156250000000e+05,4.603562890625000000e+04,-1.230090000000000000e+05,-1.319272343750000000e+05
4.542339345657000194e+03,-1.875000156250000000e+05,-1.231611484375000000e+05,-1.257702968750000000e+05,1.365933007812500000e+04,-1.875000156250000000e+05,4.599998046875000000e+04,-1.229549531250000000e+05,-1.319102031250000000e+05
4.542340042842000003e+03,-1.875000156250000000e+05,-1.230925546875000000e+05,-1.257244062500000000e+05,1.360944042968750000e+04,-1.875000156250000000e+05,4.594841406250000000e+04,-1.229415703125000000e+05,-1.319402656250000000e+05
4.542340402191000067e+03,-1.875000156250000000e+05,-1.230798593750000000e+05,-1.257427109375000000e+05,1.360447851562500000e+04,-1.875000156250000000e+05,4.594367578125000000e+04,-1.229710703125000000e+05,-1.319723437500000000e+05
4.542340744916999938e+03,-1.875000156250000000e+05,-1.231682578125000000e+05,-1.258305781250000000e+05,1.366824804687500000e+04,-1.875000156250000000e+05,4.600979296875000000e+04,-1.230214062500000000e+05,-1.319653750000000000e+05
4.542341299830000025e+03,-1.875000156250000000e+05,-1.232068828125000000e+05,-1.258321406250000000e+05,1.368941503906250000e+04,-1.875000156250000000e+05,4.603355078125000000e+04,-1.229947890625000000e+05,-1.319165781250000000e+05
4.542341652334000173e+03,-1.875000156250000000e+05,-1.231591406250000000e+05,-1.257768671875000000e+05,1.364430957031250000e+04,-1.875000156250000000e+05,4.598800000000000000e+04,-1.229608593750000000e+05,-1.319232656250000000e+05
4.542341996526000003e+03,-1.875000156250000000e+05,-1.231041562500000000e+05,-1.257303046875000000e+05,1.362669628906250000e+04,-1.875000156250000000e+05,4.596772656250000000e+04,-1.229405156250000000e+05,-1.319330000000000000e+05
4.542342548016999899e+03,-1.875000156250000000e+05,-1.230776875000000000e+05,-1.257340625000000000e+05,1.362379101562500000e+04,-1.875000156250000000e+05,4.596719140625000000e+04,-1.229577734375000000e+05,-1.319526250000000000e+05
4.542395487179999691e+03,-1.875000156250000000e+05,-1.231531718750000000e+05,-1.258127578125000000e+05,1.367419335937500000e+04,-1.875000156250000000e+05,4.602268750000000000e+04,-1.230044218750000000e+05,-1.319511250000000000e+05
4.542395854350999798e+03,-1.875000156250000000e+05,-1.231922187500000000e+05,-1.258224609375000000e+05,1.368458691406250000e+04,-1.875000156250000000e+05,4.603370703125000000e+04,-1.229936718750000000e+05,-1.319195937500000000e+05
4.542396253791000163e+03,-1.875000156250000000e+05,-1.231565703125000000e+05,-1.257673437500000000e+05,1.366069335937500000e+04,-1.875000156250000000e+05,4.600829296875000000e+04,-1.229594296875000000e+05,-1.319144531250000000e+05
4.542396862483000405e+03,-1.875000156250000000e+05,-1.230953281250000000e+05,-1.257132968750000000e+05,1.362839550781250000e+04,-1.875000156250000000e+05,4.597414062500000000e+04,-1.229327421875000000e+05,-1.319274843750000000e+05
4.542397211565000362e+03,-1.875000156250000000e+05,-1.230742890625000000e+05,-1.257235078125000000e+05,1.361478320312500000e+04,-1.875000156250000000e+05,4.596207031250000000e+04,-1.229578437500000000e+05,-1.319578125000000000e+05
4.542397548912999810e+03,-1.875000156250000000e+05,-1.231580859375000000e+05,-1.258140546875000000e+05,1.367012597656250000e+04,-1.875000156250000000e+05,4.602020703125000000e+04,-1.230128515625000000e+05,-1.319585937500000000e+05
4.542398093558999790e+03,-1.875000156250000000e+05,-1.232062343750000000e+05,-1.258235546875000000e+05,1.370023339843750000e+04,-1.875000156250000000e+05,4.604964453125000000e+04,-1.229906718750000000e+05,-1.319115937500000000e+05
4.542398449485000128e+03,-1.875000156250000000e+05,-1.231540234375000000e+05,-1.257641718750000000e+05,1.364922656250000000e+04,-1.875000156250000000e+05,4.599785546875000000e+04,-1.229545312500000000e+05,-1.319162187500000000e+05
4.542398796122000022e+03,-1.875000156250000000e+05,-1.230913437500000000e+05,-1.257202734375000000e+05,1.360302539062500000e+04,-1.875000156250000000e+05,4.595096093750000000e+04,-1.229434921875000000e+05,-1.319440625000000000e+05
4.542399263520000204e+03,-1.875000156250000000e+05,-1.230833671875000000e+05,-1.257391562500000000e+05,1.360436718750000000e+04,-1.875000156250000000e+05,4.595277343750000000e+04,-1.229744062500000000e+05,-1.319758593750000000e+05
4.542399749985000199e+03,-1.875000156250000000e+05,-1.231655078125000000e+05,-1.258230468750000000e+05,1.366867285156250000e+04,-1.875000156250000000e+05,4.602166015625000000e+04,-1.230200703125000000e+05,-1.319647031250000000e+05
4.542400125956999545e+03,-1.875000156250000000e+05,-1.232014531250000000e+05,-1.258283203125000000e+05,1.367689843750000000e+04,-1.875000156250000000e+05,4.603010937500000000e+04,-1.229984531250000000e+05,-1.319247187500000000e+05
4.542400477483000031e+03,-1.875000156250000000e+05,-1.231641953125000000e+05,-1.257822031250000000e+05,1.363726855468750000e+04,-1.875000156250000000e+05,4.599045703125000000e+04,-1.229669375000000000e+05,-1.319295000000000000e+05
4.542401024085000245e+03,-1.875000156250000000e+05,-1.231060781250000000e+05,-1.257378828125000000e+05,1.359415234375000000e+04,-1.875000156250000000e+05,4.594912890625000000e+04,-1.229488750000000000e+05,-1.319485312500000000e+05
4.542401375121999990e+03,-1.875000156250000000e+05,-1.230868750000000000e+05,-1.257505312500000000e+05,1.358221679687500000e+04,-1.875000156250000000e+05,4.594016796875000000e+04,-1.229794531250000000e+05,-1.319842812500000000e+05
4.542456303658999786e+03,-1.875000156250000000e+05,-1.231741796875000000e+05,-1.258338828125000000e+05,1.365349609375000000e+04,-1.875000156250000000e+05,4.601719140625000000e+04,-1.230277812500000000e+05,-1.319750468750000000e+05
4.542456702610000320e+03,-1.875000156250000000e+05,-1.232238281250000000e+05,-1.258377031250000000e+05,1.368384960937500000e+04,-1.875000156250000000e+05,4.604975781250000000e+04,-1.230015625000000000e+05,-1.319213125000000000e+05
4.542457088359999943e+03,-1.875000156250000000e+05,-1.231725078125000000e+05,-1.257723281250000000e+05,1.363373730468750000e+04,-1.875000156250000000e+05,4.599828125000000000e+04,-1.229625781250000000e+05,-1.319237031250000000e+05
4.542457467264999650e+03,-1.875000156250000000e+05,-1.231107500000000000e+05,-1.257293906250000000e+05,1.359227441406250000e+04,-1.875000156250000000e+05,4.595683984375000000e+04,-1.229510234375000000e+05,-1.319502656250000000e+05
4.542457833946999926e+03,-1.875000156250000000e+05,-1.230951015625000000e+05,-1.257425546875000000e+05,1.359730371093750000e+04,-1.875000156250000000e+05,4.596432812500000000e+04,-1.229769296875000000e+05,-1.319740468750000000e+05
4.542458195741000054e+03,-1.875000156250000000e+05,-1.231710312500000000e+05,-1.258199140625000000e+05,1.365973242187500000e+04,-1.875000156250000000e+05,4.602937109375000000e+04,-1.230173828125000000e+05,-1.319606562500000000e+05
4.542458559001000140e+03,-1.875000156250000000e+05,-1.232146640625000000e+05,-1.258321875000000000e+05,1.367041601562500000e+04,-1.875000156250000000e+05,4.604039062500000000e+04,-1.230038593750000000e+05,-1.319291406250000000e+05
4.542458926661000078e+03,-1.875000156250000000e+05,-1.231810703125000000e+05,-1.257822734375000000e+05,1.363822949218750000e+04,-1.875000156250000000e+05,4.600778125000000000e+04,-1.229667109375000000e+05,-1.319273437500000000e+05
4.542459298720999868e+03,-1.875000156250000000e+05,-1.231177890625000000e+05,-1.257380390625000000e+05,1.359687890625000000e+04,-1.875000156250000000e+05,4.596631640625000000e+04,-1.229489687500000000e+05,-1.319471562500000000e+05
4.542459659537000334e+03,-1.875000156250000000e+05,-1.230905859375000000e+05,-1.257463125000000000e+05,1.358201562500000000e+04,-1.875000156250000000e+05,4.595480468750000000e+04,-1.229744218750000000e+05,-1.319792656250000000e+05
4.542460056042999895e+03,-1.875000156250000000e+05,-1.231741796875000000e+05,-1.258356250000000000e+05,1.364658984375000000e+04,-1.875000156250000000e+05,4.602203906250000000e+04,-1.230298984375000000e+05,-1.319800312500000000e+05
4.542460431036999580e+03,-1.875000156250000000e+05,-1.232292343750000000e+05,-1.258416406250000000e+05,1.368619628906250000e+04,-1.875000156250000000e+05,4.605941406250000000e+04,-1.230050468750000000e+05,-1.319258281250000000e+05
4.542460804074999942e+03,-1.875000156250000000e+05,-1.231805546875000000e+05,-1.257772656250000000e+05,1.364922656250000000e+04,-1.875000156250000000e+05,4.602168359375000000e+04,-1.229589140625000000e+05,-1.319215781250000000e+05
4.542461181513000156e+03,-1.875000156250000000e+05,-1.231113281250000000e+05,-1.257269765625000000e+05,1.360367382812500000e+04,-1.875000156250000000e+05,4.597490234375000000e+04,-1.229400937500000000e+05,-1.319468906250000000e+05
4.542461546239999734e+03,-1.875000156250000000e+05,-1.230843750000000000e+05,-1.257417031250000000e+05,1.358822851562500000e+04,-1.875000156250000000e+05,4.595925390625000000e+04,-1.229703828125000000e+05,-1.319836250000000000e+05
4.542515466646000277e+03,-1.875000156250000000e+05,-1.231677031250000000e+05,-1.258345546875000000e+05,1.364804199218750000e+04,-1.875000156250000000e+05,4.602137109375000000e+04,-1.230269062500000000e+05,-1.319853281250000000e+05
4.542515836262000448e+03,-1.875000156250000000e+05,-1.232228437500000000e+05,-1.258485937500000000e+05,1.367823925781250000e+04,-1.875000156250000000e+05,4.605067187500000000e+04,-1.230077265625000000e+05,-1.319428437500000000e+05
4.542516309036999701e+03,-1.875000156250000000e+05,-1.231806015625000000e+05,-1.257880625000000000e+05,1.364044238281250000e+04,-1.875000156250000000e+05,4.601421875000000000e+04,-1.229608359375000000e+05,-1.319328437500000000e+05
4.542517120139000326e+03,-1.875000156250000000e+05,-1.231121796875000000e+05,-1.257442734375000000e+05,1.357374511718750000e+04,-1.875000156250000000e+05,4.594959765625000000e+04,-1.229532109375000000e+05,-1.319688593750000000e+05
4.542517591447999621e+03,-1.875000156250000000e+05,-1.231060078125000000e+05,-1.257705859375000000e+05,1.357745507812500000e+04,-1.875000156250000000e+05,4.595353125000000000e+04,-1.229873203125000000e+05,-1.320020000000000000e+05
4.542518146360999708e+03,-1.875000156250000000e+05,-1.231918828125000000e+05,-1.258433359375000000e+05,1.365899414062500000e+04,-1.875000156250000000e+05,4.604066015625000000e+04,-1.230233046875000000e+05,-1.319729843750000000e+05
4.542518802966999829e+03,-1.875000156250000000e+05,-1.232280937500000000e+05,-1.258435625000000000e+05,1.368561523437500000e+04,-1.875000156250000000e+05,4.606781640625000000e+04,-1.230002890625000000e+05,-1.319268750000000000e+05
4.542519269387000350e+03,-1.875000156250000000e+05,-1.231715937500000000e+05,-1.257805078125000000e+05,1.364272265625000000e+04,-1.875000156250000000e+05,4.602175000000000000e+04,-1.229544218750000000e+05,-1.319225156250000000e+05
4.542519937727000070e+03,-1.875000156250000000e+05,-1.231113281250000000e+05,-1.257381484375000000e+05,1.360733984375000000e+04,-1.875000156250000000e+05,4.598382031250000000e+04,-1.229410078125000000e+05,-1.319462812500000000e+05
4.542520347921999928e+03,-1.875000156250000000e+05,-1.230868515625000000e+05,-1.257444765625000000e+05,1.358872070312500000e+04,-1.875000156250000000e+05,4.596658593750000000e+04,-1.229680312500000000e+05,-1.319786093750000000e+05
4.542520700914999907e+03,-1.875000156250000000e+05,-1.231718359375000000e+05,-1.258404765625000000e+05,1.364363867187500000e+04,-1.875000156250000000e+05,4.602400781250000000e+04,-1.230261953125000000e+05,-1.319855468750000000e+05
4.542521279294999658e+03,-1.875000156250000000e+05,-1.232277812500000000e+05,-1.258563281250000000e+05,1.368098828125000000e+04,-1.875000156250000000e+05,4.605932421875000000e+04,-1.230057187500000000e+05,-1.319367187500000000e+05
4.542521671890000107e+03,-1.875000156250000000e+05,-1.231801250000000000e+05,-1.257881484375000000e+05,1.364705859375000000e+04,-1.875000156250000000e+05,4.602579687500000000e+04,-1.229566093750000000e+05,-1.319254687500000000e+05
4.542522026349999578e+03,-1.875000156250000000e+05,-1.231096953125000000e+05,-1.257364531250000000e+05,1.359781738281250000e+04,-1.875000156250000000e+05,4.597635546875000000e+04,-1.229418125000000000e+05,-1.319549375000000000e+05
4.542522567084000002e+03,-1.875000156250000000e+05,-1.230893125000000000e+05,-1.257469140625000000e+05,1.359383886718750000e+04,-1.875000156250000000e+05,4.597324609375000000e+04,-1.229698906250000000e+05,-1.319823750000000000e+05
4.542575390375999632e+03,-1.875000156250000000e+05,-1.231720781250000000e+05,-1.258308906250000000e+05,1.365083593750000000e+04,-1.875000156250000000e+05,4.603180859375000000e+04,-1.230205156250000000e+05,-1.319801718750000000e+05
4.542575761946999592e+03,-1.875000156250000000e+05,-1.232295937500000000e+05,-1.258479218750000000e+05,1.367756933593750000e+04,-1.875000156250000000e+05,4.606003906250000000e+04,-1.230064296875000000e+05,-1.319399531250000000e+05
4.542576175565000085e+03,-1.875000156250000000e+05,-1.231825234375000000e+05,-1.257856250000000000e+05,1.363027246093750000e+04,-1.875000156250000000e+05,4.601278515625000000e+04,-1.229677187500000000e+05,-1.319381875000000000e+05
4.542576771545999691e+03,-1.875000156250000000e+05,-1.231235078125000000e+05,-1.257440312500000000e+05,1.358733496093750000e+04,-1.875000156250000000e+05,4.596969140625000000e+04,-1.229574140625000000e+05,-1.319663906250000000e+05
4.542577121117000388e+03,-1.875000156250000000e+05,-1.231067734375000000e+05,-1.257586484375000000e+05,1.358615039062500000e+04,-1.875000156250000000e+05,4.596924609375000000e+04,-1.229820234375000000e+05,-1.319934375000000000e+05
4.542577462864999688e+03,-1.875000156250000000e+05,-1.231963359375000000e+05,-1.258420390625000000e+05,1.367213769531250000e+04,-1.875000156250000000e+05,4.605422656250000000e+04,-1.230202031250000000e+05,-1.319719218750000000e+05
4.542578019732999564e+03,-1.875000156250000000e+05,-1.232289687500000000e+05,-1.258450156250000000e+05,1.368639746093750000e+04,-1.875000156250000000e+05,4.606842187500000000e+04,-1.229945390625000000e+05,-1.319292500000000000e+05
4.542578365880999627e+03,-1.875000156250000000e+05,-1.231801718750000000e+05,-1.257875234375000000e+05,1.364162695312500000e+04,-1.875000156250000000e+05,4.602472265625000000e+04,-1.229605703125000000e+05,-1.319337812500000000e+05
4.542578707140000006e+03,-1.875000156250000000e+05,-1.231208984375000000e+05,-1.257442734375000000e+05,1.359721386718750000e+04,-1.875000156250000000e+05,4.597990625000000000e+04,-1.229485859375000000e+05,-1.319605937500000000e+05
4.542579261075000431e+03,-1.875000156250000000e+05,-1.231086015625000000e+05,-1.257585781250000000e+05,1.360302539062500000e+04,-1.875000156250000000e+05,4.598703906250000000e+04,-1.229732890625000000e+05,-1.319844531250000000e+05
4.542579610157000388e+03,-1.875000156250000000e+05,-1.231886406250000000e+05,-1.258350703125000000e+05,1.367680859375000000e+04,-1.875000156250000000e+05,4.606287890625000000e+04,-1.230112812500000000e+05,-1.319647187500000000e+05
4.542579949949000365e+03,-1.875000156250000000e+05,-1.232265546875000000e+05,-1.258435859375000000e+05,1.368590625000000000e+04,-1.875000156250000000e+05,4.607262109375000000e+04,-1.229953046875000000e+05,-1.319318593750000000e+05
4.542580529797000054e+03,-1.875000156250000000e+05,-1.231867031250000000e+05,-1.257892500000000000e+05,1.365056835937500000e+04,-1.875000156250000000e+05,4.603585546875000000e+04,-1.229607656250000000e+05,-1.319325781250000000e+05
4.542580883278000329e+03,-1.875000156250000000e+05,-1.231263046875000000e+05,-1.257385312500000000e+05,1.362222558593750000e+04,-1.875000156250000000e+05,4.600657421875000000e+04,-1.229374765625000000e+05,-1.319462343750000000e+05
4.542581224536999798e+03,-1.875000156250000000e+05,-1.230951484375000000e+05,-1.257408750000000000e+05,1.360324902343750000e+04,-1.875000156250000000e+05,4.598822265625000000e+04,-1.229599609375000000e+05,-1.319780625000000000e+05
4.542635446111000419e+03,-1.875000156250000000e+05,-1.231802656250000000e+05,-1.258307578125000000e+05,1.366867285156250000e+04,-1.875000156250000000e+05,4.605773828125000000e+04,-1.230098515625000000e+05,-1.319745937500000000e+05
4.542635991246000231e+03,-1.875000156250000000e+05,-1.232279375000000000e+05,-1.258472265625000000e+05,1.368811914062500000e+04,-1.875000156250000000e+05,4.607635546875000000e+04,-1.229957734375000000e+05,-1.319353437500000000e+05
4.542636407308000344e+03,-1.875000156250000000e+05,-1.231892031250000000e+05,-1.257910390625000000e+05,1.366029101562500000e+04,-1.875000156250000000e+05,4.604671875000000000e+04,-1.229586484375000000e+05,-1.319312187500000000e+05
4.542636750034000215e+03,-1.875000156250000000e+05,-1.231202734375000000e+05,-1.257405000000000000e+05,1.361306152343750000e+04,-1.875000156250000000e+05,4.599939843750000000e+04,-1.229361562500000000e+05,-1.319509062500000000e+05
4.542637304947000302e+03,-1.875000156250000000e+05,-1.231062968750000000e+05,-1.257545546875000000e+05,1.361201074218750000e+04,-1.875000156250000000e+05,4.599861718750000000e+04,-1.229611250000000000e+05,-1.319791562500000000e+05
4.542637655984000048e+03,-1.875000156250000000e+05,-1.231814453125000000e+05,-1.258340859375000000e+05,1.366230273437500000e+04,-1.875000156250000000e+05,4.605232812500000000e+04,-1.230090234375000000e+05,-1.319794218750000000e+05
4.542638000177000322e+03,-1.875000156250000000e+05,-1.232350468750000000e+05,-1.258537968750000000e+05,1.370231250000000000e+04,-1.875000156250000000e+05,4.609352343750000000e+04,-1.229959531250000000e+05,-1.319339218750000000e+05
4.542638530154999899e+03,-1.875000156250000000e+05,-1.231764609375000000e+05,-1.257879296875000000e+05,1.364650000000000000e+04,-1.875000156250000000e+05,4.603739453125000000e+04,-1.229559218750000000e+05,-1.319295625000000000e+05
4.542638894392999646e+03,-1.875000156250000000e+05,-1.231196484375000000e+05,-1.257482578125000000e+05,1.361205566406250000e+04,-1.875000156250000000e+05,4.600364453125000000e+04,-1.229443828125000000e+05,-1.319537656250000000e+05
4.542639237119000427e+03,-1.875000156250000000e+05,-1.231034375000000000e+05,-1.257561875000000000e+05,1.361545312500000000e+04,-1.875000156250000000e+05,4.600733203125000000e+04,-1.229627578125000000e+05,-1.319744218750000000e+05
4.542639578866999727e+03,-1.875000156250000000e+05,-1.231868750000000000e+05,-1.258376875000000000e+05,1.368704589843750000e+04,-1.875000156250000000e+05,4.608107031250000000e+04,-1.230057187500000000e+05,-1.319640468750000000e+05
4.542640212983000310e+03,-1.875000156250000000e+05,-1.232237343750000000e+05,-1.258451484375000000e+05,1.370886132812500000e+04,-1.875000156250000000e+05,4.610344531250000000e+04,-1.229829843750000000e+05,-1.319171406250000000e+05
4.542640561086999696e+03,-1.875000156250000000e+05,-1.231756796875000000e+05,-1.257898984375000000e+05,1.366315234375000000e+04,-1.875000156250000000e+05,4.605630468750000000e+04,-1.229508437500000000e+05,-1.319216250000000000e+05
4.542640903323999737e+03,-1.875000156250000000e+05,-1.231255234375000000e+05,-1.257516484375000000e+05,1.363492187500000000e+04,-1.875000156250000000e+05,4.602642187500000000e+04,-1.229377031250000000e+05,-1.319434375000000000e+05
4.542641461170000184e+03,-1.875000156250000000e+05,-1.230992343750000000e+05,-1.257529062500000000e+05,1.361891796875000000e+04,-1.875000156250000000e+05,4.600874218750000000e+04,-1.229522734375000000e+05,-1.319680468750000000e+05
4.542695463222999933e+03,-1.875000156250000000e+05,-1.231812421875000000e+05,-1.258491093750000000e+05,1.366308496093750000e+04,-1.875000156250000000e+05,4.605485156250000000e+04,-1.230178984375000000e+05,-1.319876562500000000e+05
4.542695835772999999e+03,-1.875000156250000000e+05,-1.232411250000000000e+05,-1.258740937500000000e+05,1.369442187500000000e+04,-1.875000156250000000e+05,4.608583203125000000e+04,-1.230104140625000000e+05,-1.319484062500000000e+05
4.542696313925999675e+03,-1.875000156250000000e+05,-1.231987500000000000e+05,-1.258167656250000000e+05,1.366527539062500000e+04,-1.875000156250000000e+05,4.605695312500000000e+04,-1.229699140625000000e+05,-1.319362031250000000e+05
4.542697120628000448e+03,-1.875000156250000000e+05,-1.231353593750000000e+05,-1.257608125000000000e+05,1.363796191406250000e+04,-1.875000156250000000e+05,4.603089062500000000e+04,-1.229407656250000000e+05,-1.319446093750000000e+05
4.542697589491999679e+03,-1.875000156250000000e+05,-1.231089609375000000e+05,-1.257586953125000000e+05,1.363577148437500000e+04,-1.875000156250000000e+05,4.603138281250000000e+04,-1.229531875000000000e+05,-1.319625156250000000e+05
4.542698247076000371e+03,-1.875000156250000000e+05,-1.231746328125000000e+05,-1.258381328125000000e+05,1.367166796875000000e+04,-1.875000156250000000e+05,4.607213281250000000e+04,-1.230083125000000000e+05,-1.319692812500000000e+05
4.542698727674999645e+03,-1.875000156250000000e+05,-1.232357812500000000e+05,-1.258675468750000000e+05,1.369857910156250000e+04,-1.875000156250000000e+05,4.610044921875000000e+04,-1.230069453125000000e+05,-1.319370312500000000e+05
4.542699191650000103e+03,-1.875000156250000000e+05,-1.231957500000000000e+05,-1.258124687500000000e+05,1.366038085937500000e+04,-1.875000156250000000e+05,4.606223046875000000e+04,-1.229665781250000000e+05,-1.319312812500000000e+05
4.542699919636999766e+03,-1.875000156250000000e+05,-1.231403906250000000e+05,-1.257648593750000000e+05,1.363932519531250000e+04,-1.875000156250000000e+05,4.604030078125000000e+04,-1.229412109375000000e+05,-1.319407187500000000e+05
4.542700331299000027e+03,-1.875000156250000000e+05,-1.231103046875000000e+05,-1.257582890625000000e+05,1.362877539062500000e+04,-1.875000156250000000e+05,4.603031250000000000e+04,-1.229581562500000000e+05,-1.319628437500000000e+05
4.542700827542999832e+03,-1.875000156250000000e+05,-1.231811562500000000e+05,-1.258401406250000000e+05,1.367797167968750000e+04,-1.875000156250000000e+05,4.608250390625000000e+04,-1.230129140625000000e+05,-1.319684843750000000e+05
4.542701185914000234e+03,-1.875000156250000000e+05,-1.232358046875000000e+05,-1.258635234375000000e+05,1.370342968750000000e+04,-1.875000156250000000e+05,4.610878906250000000e+04,-1.230051562500000000e+05,-1.319331093750000000e+05
4.542701526683999873e+03,-1.875000156250000000e+05,-1.232009609375000000e+05,-1.258064140625000000e+05,1.368174902343750000e+04,-1.875000156250000000e+05,4.608703906250000000e+04,-1.229595625000000000e+05,-1.319181875000000000e+05
4.542701999947999866e+03,-1.875000156250000000e+05,-1.231336796875000000e+05,-1.257527031250000000e+05,1.364357226562500000e+04,-1.875000156250000000e+05,4.604805859375000000e+04,-1.229342578125000000e+05,-1.319344375000000000e+05
4.542702495214000010e+03,-1.875000156250000000e+05,-1.231022734375000000e+05,-1.257548046875000000e+05,1.362611523437500000e+04,-1.875000156250000000e+05,4.603415625000000000e+04,-1.229573281250000000e+05,-1.319657343750000000e+05
4.542756545180999638e+03,-1.875000156250000000e+05,-1.231791484375000000e+05,-1.258412578125000000e+05,1.367696582031250000e+04,-1.875000156250000000e+05,4.608759765625000000e+04,-1.230155546875000000e+05,-1.319705312500000000e+05
4.542757030667999970e+03,-1.875000156250000000e+05,-1.232430937500000000e+05,-1.258653125000000000e+05,1.372066308593750000e+04,-1.875000156250000000e+05,4.613174218750000000e+04,-1.230029218750000000e+05,-1.319232968750000000e+05
4.542757734210000308e+03,-1.875000156250000000e+05,-1.231911718750000000e+05,-1.257983203125000000e+05,1.368485546875000000e+04,-1.875000156250000000e+05,4.609667187500000000e+04,-1.229539296875000000e+05,-1.319086406250000000e+05
4.542758202584999708e+03,-1.875000156250000000e+05,-1.231245859375000000e+05,-1.257506015625000000e+05,1.364585156250000000e+04,-1.875000156250000000e+05,4.605585937500000000e+04,-1.229369609375000000e+05,-1.319320156250000000e+05
4.542758773143000326e+03,-1.875000156250000000e+05,-1.230984296875000000e+05,-1.257531718750000000e+05,1.363570410156250000e+04,-1.875000156250000000e+05,4.604562109375000000e+04,-1.229554062500000000e+05,-1.319608281250000000e+05
4.542759405793000042e+03,-1.875000156250000000e+05,-1.231748984375000000e+05,-1.258324296875000000e+05,1.369185156250000000e+04,-1.875000156250000000e+05,4.610534375000000000e+04,-1.230040000000000000e+05,-1.319597968750000000e+05
4.542760076577000291e+03,-1.875000156250000000e+05,-1.232301718750000000e+05,-1.258542265625000000e+05,1.372321093750000000e+04,-1.875000156250000000e+05,4.613777734375000000e+04,-1.229929531250000000e+05,-1.319207187500000000e+05
4.542760817274999681e+03,-1.875000156250000000e+05,-1.231909453125000000e+05,-1.257923125000000000e+05,1.369417578125000000e+04,-1.875000156250000000e+05,4.610728906250000000e+04,-1.229458125000000000e+05,-1.319056250000000000e+05
4.542761172712999723e+03,-1.875000156250000000e+05,-1.231218984375000000e+05,-1.257446328125000000e+05,1.364991992187500000e+04,-1.875000156250000000e+05,4.606225000000000000e+04,-1.229306796875000000e+05,-1.319335000000000000e+05
4.542761512504999700e+03,-1.875000156250000000e+05,-1.231051406250000000e+05,-1.257410546875000000e+05,1.366594628906250000e+04,-1.875000156250000000e+05,4.608004296875000000e+04,-1.229403593750000000e+05,-1.319446093750000000e+05
4.542761909500000002e+03,-1.875000156250000000e+05,-1.231618906250000000e+05,-1.258090937500000000e+05,1.371120800781250000e+04,-1.875000156250000000e+05,4.612591015625000000e+04,-1.229794296875000000e+05,-1.319373125000000000e+05
4.542762450723000256e+03,-1.875000156250000000e+05,-1.232028828125000000e+05,-1.258366562500000000e+05,1.371706445312500000e+04,-1.875000156250000000e+05,4.613019921875000000e+04,-1.229765468750000000e+05,-1.319145000000000000e+05
4.542762800294000044e+03,-1.875000156250000000e+05,-1.231721015625000000e+05,-1.257902734375000000e+05,1.368717968750000000e+04,-1.875000156250000000e+05,4.610042968750000000e+04,-1.229448125000000000e+05,-1.319128593750000000e+05
4.542763138620000063e+03,-1.875000156250000000e+05,-1.231130937500000000e+05,-1.257391562500000000e+05,1.365798828125000000e+04,-1.875000156250000000e+05,4.607000781250000000e+04,-1.229202187500000000e+05,-1.319212500000000000e+05
4.542763690110000425e+03,-1.875000156250000000e+05,-1.230915468750000000e+05,-1.257414140625000000e+05,1.365564160156250000e+04,-1.875000156250000000e+05,4.606837500000000000e+04,-1.229391562500000000e+05,-1.319448906250000000e+05
4.542816596026999832e+03,-1.875000156250000000e+05,-1.231647265625000000e+05,-1.258133906250000000e+05,1.371420312500000000e+04,-1.875000156250000000e+05,4.613073828125000000e+04,-1.229812421875000000e+05,-1.319371250000000000e+05
4.542817186141999628e+03,-1.875000156250000000e+05,-1.232132968750000000e+05,-1.258343750000000000e+05,1.374209863281250000e+04,-1.875000156250000000e+05,4.616113671875000000e+04,-1.229721640625000000e+05,-1.318999687500000000e+05
4.542817658916999790e+03,-1.875000156250000000e+05,-1.231825000000000000e+05,-1.257762578125000000e+05,1.373103417968750000e+04,-1.875000156250000000e+05,4.615096484375000000e+04,-1.229243125000000000e+05,-1.318771875000000000e+05
4.542818118492999929e+03,-1.875000156250000000e+05,-1.231039296875000000e+05,-1.257125156250000000e+05,1.367696582031250000e+04,-1.875000156250000000e+05,4.609738671875000000e+04,-1.228950781250000000e+05,-1.318952812500000000e+05
4.542818676828000207e+03,-1.875000156250000000e+05,-1.230712968750000000e+05,-1.257210546875000000e+05,1.365432324218750000e+04,-1.875000156250000000e+05,4.607633203125000000e+04,-1.229289140625000000e+05,-1.319416250000000000e+05
4.542819148137000411e+03,-1.875000156250000000e+05,-1.231519218750000000e+05,-1.258030390625000000e+05,1.371934472656250000e+04,-1.875000156250000000e+05,4.614195703125000000e+04,-1.229759453125000000e+05,-1.319334687500000000e+05
4.542819617002000086e+03,-1.875000156250000000e+05,-1.232029921875000000e+05,-1.258277187500000000e+05,1.373836523437500000e+04,-1.875000156250000000e+05,4.616189453125000000e+04,-1.229705781250000000e+05,-1.319024687500000000e+05
4.542820225204999588e+03,-1.875000156250000000e+05,-1.231637031250000000e+05,-1.257732421875000000e+05,1.370316210937500000e+04,-1.875000156250000000e+05,4.612613281250000000e+04,-1.229307734375000000e+05,-1.318921406250000000e+05
4.542820681846999832e+03,-1.875000156250000000e+05,-1.231047343750000000e+05,-1.257295937500000000e+05,1.365693847656250000e+04,-1.875000156250000000e+05,4.608042187500000000e+04,-1.229215156250000000e+05,-1.319213125000000000e+05
4.542821178090999638e+03,-1.875000156250000000e+05,-1.230849062500000000e+05,-1.257325000000000000e+05,1.365336230468750000e+04,-1.875000156250000000e+05,4.607635546875000000e+04,-1.229408281250000000e+05,-1.319468906250000000e+05
4.542821705135999764e+03,-1.875000156250000000e+05,-1.231508906250000000e+05,-1.258084921875000000e+05,1.369261132812500000e+04,-1.875000156250000000e+05,4.611752734375000000e+04,-1.229909218750000000e+05,-1.319542656250000000e+05
4.542822164221999628e+03,-1.875000156250000000e+05,-1.232091875000000000e+05,-1.258399375000000000e+05,1.371722070312500000e+04,-1.875000156250000000e+05,4.614428125000000000e+04,-1.229931093750000000e+05,-1.319254062500000000e+05
4.542822668777000217e+03,-1.875000156250000000e+05,-1.231757500000000000e+05,-1.257817343750000000e+05,1.369632226562500000e+04,-1.875000156250000000e+05,4.612233203125000000e+04,-1.229455234375000000e+05,-1.319042656250000000e+05
4.542823170399000446e+03,-1.875000156250000000e+05,-1.231063437500000000e+05,-1.257280468750000000e+05,1.365074707031250000e+04,-1.875000156250000000e+05,4.607478906250000000e+04,-1.229231718750000000e+05,-1.319250937500000000e+05
4.542823629485000311e+03,-1.875000156250000000e+05,-1.230774453125000000e+05,-1.257334140625000000e+05,1.363246289062500000e+04,-1.875000156250000000e+05,4.605833984375000000e+04,-1.229500390625000000e+05,-1.319621562500000000e+05
4.542875685187999807e+03,-1.875000156250000000e+05,-1.231546250000000000e+05,-1.258143515625000000e+05,1.368161425781250000e+04,-1.875000156250000000e+05,4.611140234375000000e+04,-1.230015390625000000e+05,-1.319632031250000000e+05
4.542876175565000267e+03,-1.875000156250000000e+05,-1.232171875000000000e+05,-1.258470937500000000e+05,1.371409179687500000e+04,-1.875000156250000000e+05,4.614629296875000000e+04,-1.230021171875000000e+05,-1.319314218750000000e+05
4.542876635628999793e+03,-1.875000156250000000e+05,-1.231835468750000000e+05,-1.257849375000000000e+05,1.369620996093750000e+04,-1.875000156250000000e+05,4.612805468750000000e+04,-1.229463515625000000e+05,-1.319050000000000000e+05
4.542877102049000314e+03,-1.875000156250000000e+05,-1.231181250000000000e+05,-1.257328125000000000e+05,1.365736328125000000e+04,-1.875000156250000000e+05,4.608947656250000000e+04,-1.229235312500000000e+05,-1.319248437500000000e+05
4.542877503443999558e+03,-1.875000156250000000e+05,-1.230872343750000000e+05,-1.257306875000000000e+05,1.364010742187500000e+04,-1.875000156250000000e+05,4.607251171875000000e+04,-1.229398671875000000e+05,-1.319483593750000000e+05
4.542877912662000199e+03,-1.875000156250000000e+05,-1.231639687500000000e+05,-1.258168750000000000e+05,1.369815527343750000e+04,-1.875000156250000000e+05,4.613290625000000000e+04,-1.229952109375000000e+05,-1.319545468750000000e+05
4.542878389348999917e+03,-1.875000156250000000e+05,-1.232165390625000000e+05,-1.258400078125000000e+05,1.373378320312500000e+04,-1.875000156250000000e+05,4.616808593750000000e+04,-1.229840390625000000e+05,-1.319107187500000000e+05
4.542878797100000156e+03,-1.875000156250000000e+05,-1.231730234375000000e+05,-1.257753203125000000e+05,1.370604492187500000e+04,-1.875000156250000000e+05,4.613710937500000000e+04,-1.229353515625000000e+05,-1.318949218750000000e+05
4.542879191160999653e+03,-1.875000156250000000e+05,-1.231074609375000000e+05,-1.257254765625000000e+05,1.366643750000000000e+04,-1.875000156250000000e+05,4.609691796875000000e+04,-1.229143906250000000e+05,-1.319144687500000000e+05
4.542879688381999586e+03,-1.875000156250000000e+05,-1.230736015625000000e+05,-1.257259218750000000e+05,1.364625390625000000e+04,-1.875000156250000000e+05,4.607619921875000000e+04,-1.229348593750000000e+05,-1.319469687500000000e+05
4.542880127422999976e+03,-1.875000156250000000e+05,-1.231453515625000000e+05,-1.258068593750000000e+05,1.369853515625000000e+04,-1.875000156250000000e+05,4.612966406250000000e+04,-1.229877031250000000e+05,-1.319502812500000000e+05
4.542880465748999995e+03,-1.875000156250000000e+05,-1.232047578125000000e+05,-1.258367890625000000e+05,1.373197265625000000e+04,-1.875000156250000000e+05,4.616278906250000000e+04,-1.229870312500000000e+05,-1.319167343750000000e+05
4.542880823630999657e+03,-1.875000156250000000e+05,-1.231650390625000000e+05,-1.257748281250000000e+05,1.370604492187500000e+04,-1.875000156250000000e+05,4.613529687500000000e+04,-1.229334296875000000e+05,-1.318938593750000000e+05
4.542881245560000025e+03,-1.875000156250000000e+05,-1.230975156250000000e+05,-1.257286953125000000e+05,1.365895019531250000e+04,-1.875000156250000000e+05,4.608927343750000000e+04,-1.229179218750000000e+05,-1.319244843750000000e+05
4.542881590242000129e+03,-1.875000156250000000e+05,-1.230710937500000000e+05,-1.257274921875000000e+05,1.365237890625000000e+04,-1.875000156250000000e+05,4.608462500000000000e+04,-1.229340546875000000e+05,-1.319458593750000000e+05
4.542935477400999844e+03,-1.875000156250000000e+05,-1.231372578125000000e+05,-1.258101250000000000e+05,1.368653222656250000e+04,-1.875000156250000000e+05,4.612244531250000000e+04,-1.229912578125000000e+05,-1.319614062500000000e+05
4.542935846528000184e+03,-1.875000156250000000e+05,-1.232049609375000000e+05,-1.258452578125000000e+05,1.372600488281250000e+04,-1.875000156250000000e+05,4.616426562500000000e+04,-1.229896484375000000e+05,-1.319232812500000000e+05
4.542936247435000041e+03,-1.875000156250000000e+05,-1.231659140625000000e+05,-1.257846171875000000e+05,1.369549511718750000e+04,-1.875000156250000000e+05,4.613241406250000000e+04,-1.229421953125000000e+05,-1.319043906250000000e+05
4.542936584781999954e+03,-1.875000156250000000e+05,-1.231011406250000000e+05,-1.257354453125000000e+05,1.364658984375000000e+04,-1.875000156250000000e+05,4.608366406250000000e+04,-1.229242265625000000e+05,-1.319294062500000000e+05
4.542936926041000333e+03,-1.875000156250000000e+05,-1.230806640625000000e+05,-1.257378359375000000e+05,1.364281152343750000e+04,-1.875000156250000000e+05,4.608082421875000000e+04,-1.229452578125000000e+05,-1.319582343750000000e+05
4.542937262411000120e+03,-1.875000156250000000e+05,-1.231468437500000000e+05,-1.258128046875000000e+05,1.368912500000000000e+04,-1.875000156250000000e+05,4.613002343750000000e+04,-1.229943203125000000e+05,-1.319588281250000000e+05
4.542937594381000054e+03,-1.875000156250000000e+05,-1.232050937500000000e+05,-1.258418203125000000e+05,1.371668457031250000e+04,-1.875000156250000000e+05,4.615943750000000000e+04,-1.229924609375000000e+05,-1.319258125000000000e+05
4.542937934663000306e+03,-1.875000156250000000e+05,-1.231700468750000000e+05,-1.257880859375000000e+05,1.368704589843750000e+04,-1.875000156250000000e+05,4.612872656250000000e+04,-1.229508906250000000e+05,-1.319186718750000000e+05
4.542938271521000388e+03,-1.875000156250000000e+05,-1.231100781250000000e+05,-1.257395625000000000e+05,1.365660253906250000e+04,-1.875000156250000000e+05,4.609595703125000000e+04,-1.229257421875000000e+05,-1.319322968750000000e+05
4.542938606425000216e+03,-1.875000156250000000e+05,-1.230771328125000000e+05,-1.257382187500000000e+05,1.363894531250000000e+04,-1.875000156250000000e+05,4.608033593750000000e+04,-1.229443203125000000e+05,-1.319627031250000000e+05
4.542938935461000256e+03,-1.875000156250000000e+05,-1.231510078125000000e+05,-1.258169609375000000e+05,1.368762695312500000e+04,-1.875000156250000000e+05,4.613266015625000000e+04,-1.229971093750000000e+05,-1.319654843750000000e+05
4.542939270363999640e+03,-1.875000156250000000e+05,-1.232153359375000000e+05,-1.258475859375000000e+05,1.372323339843750000e+04,-1.875000156250000000e+05,4.616761718750000000e+04,-1.229930000000000000e+05,-1.319269687500000000e+05
4.542939612111999850e+03,-1.875000156250000000e+05,-1.231830546875000000e+05,-1.257910546875000000e+05,1.370170898437500000e+04,-1.875000156250000000e+05,4.614381250000000000e+04,-1.229459687500000000e+05,-1.319081250000000000e+05
4.542939950437999869e+03,-1.875000156250000000e+05,-1.231159531250000000e+05,-1.257364062500000000e+05,1.366397949218750000e+04,-1.875000156250000000e+05,4.610364843750000000e+04,-1.229215390625000000e+05,-1.319238125000000000e+05
4.542940312720000293e+03,-1.875000156250000000e+05,-1.230828750000000000e+05,-1.257313750000000000e+05,1.365150683593750000e+04,-1.875000156250000000e+05,4.609231640625000000e+04,-1.229361562500000000e+05,-1.319529375000000000e+05
4.542996566204000374e+03,-1.875000156250000000e+05,-1.231465781250000000e+05,-1.258081562500000000e+05,1.368807421875000000e+04,-1.875000156250000000e+05,4.613257031250000000e+04,-1.229896953125000000e+05,-1.319610312500000000e+05
4.542996960753999701e+03,-1.875000156250000000e+05,-1.232110000000000000e+05,-1.258438750000000000e+05,1.372799414062500000e+04,-1.875000156250000000e+05,4.617409765625000000e+04,-1.229891093750000000e+05,-1.319236093750000000e+05
4.542997300545999678e+03,-1.875000156250000000e+05,-1.231696640625000000e+05,-1.257864765625000000e+05,1.368704589843750000e+04,-1.875000156250000000e+05,4.613301562500000000e+04,-1.229459062500000000e+05,-1.319148281250000000e+05
4.542997632515999612e+03,-1.875000156250000000e+05,-1.231173437500000000e+05,-1.257412343750000000e+05,1.366006738281250000e+04,-1.875000156250000000e+05,4.610704296875000000e+04,-1.229276406250000000e+05,-1.319314218750000000e+05
4.542997976220000055e+03,-1.875000156250000000e+05,-1.230825859375000000e+05,-1.257298828125000000e+05,1.364531542968750000e+04,-1.875000156250000000e+05,4.609148828125000000e+04,-1.229390625000000000e+05,-1.319556875000000000e+05
4.542998369791999721e+03,-1.875000156250000000e+05,-1.231473125000000000e+05,-1.258089843750000000e+05,1.368865527343750000e+04,-1.875000156250000000e+05,4.613578906250000000e+04,-1.229954140625000000e+05,-1.319674687500000000e+05
4.542998746741999639e+03,-1.875000156250000000e+05,-1.232143046875000000e+05,-1.258434296875000000e+05,1.373932714843750000e+04,-1.875000156250000000e+05,4.618699609375000000e+04,-1.229896953125000000e+05,-1.319196093750000000e+05
4.542999086044999785e+03,-1.875000156250000000e+05,-1.231716562500000000e+05,-1.257833281250000000e+05,1.370573242187500000e+04,-1.875000156250000000e+05,4.615273046875000000e+04,-1.229431093750000000e+05,-1.319037656250000000e+05
4.542999426327000037e+03,-1.875000156250000000e+05,-1.231071953125000000e+05,-1.257321796875000000e+05,1.365718457031250000e+04,-1.875000156250000000e+05,4.610483203125000000e+04,-1.229236640625000000e+05,-1.319273437500000000e+05
4.542999765141000353e+03,-1.875000156250000000e+05,-1.230856250000000000e+05,-1.257328125000000000e+05,1.364804199218750000e+04,-1.875000156250000000e+05,4.609855078125000000e+04,-1.229456796875000000e+05,-1.319574531250000000e+05
4.543000265296000180e+03,-1.875000156250000000e+05,-1.231516718750000000e+05,-1.258044921875000000e+05,1.369743945312500000e+04,-1.875000156250000000e+05,4.615027343750000000e+04,-1.229868984375000000e+05,-1.319536406250000000e+05
4.543000662290999571e+03,-1.875000156250000000e+05,-1.232092109375000000e+05,-1.258444375000000000e+05,1.371845019531250000e+04,-1.875000156250000000e+05,4.617219921875000000e+04,-1.229913906250000000e+05,-1.319288750000000000e+05
4.543001059774999703e+03,-1.875000156250000000e+05,-1.231864765625000000e+05,-1.257918828125000000e+05,1.370785546875000000e+04,-1.875000156250000000e+05,4.616100000000000000e+04,-1.229455937500000000e+05,-1.319045468750000000e+05
4.543001473391999752e+03,-1.875000156250000000e+05,-1.231092031250000000e+05,-1.257286718750000000e+05,1.365477050781250000e+04,-1.875000156250000000e+05,4.610856250000000000e+04,-1.229165312500000000e+05,-1.319209531250000000e+05
4.543001928566999595e+03,-1.875000156250000000e+05,-1.230833437500000000e+05,-1.257341953125000000e+05,1.364670117187500000e+04,-1.875000156250000000e+05,4.610123437500000000e+04,-1.229435390625000000e+05,-1.319553281250000000e+05
4.543056577448999633e+03,-1.875000156250000000e+05,-1.231557656250000000e+05,-1.258131171875000000e+05,1.369777441406250000e+04,-1.875000156250000000e+05,4.615465234375000000e+04,-1.229909218750000000e+05,-1.319567812500000000e+05
4.543057044846000281e+03,-1.875000156250000000e+05,-1.232198437500000000e+05,-1.258475859375000000e+05,1.373702441406250000e+04,-1.875000156250000000e+05,4.619687500000000000e+04,-1.229880625000000000e+05,-1.319196562500000000e+05
4.543057469708999633e+03,-1.875000156250000000e+05,-1.231813359375000000e+05,-1.257820703125000000e+05,1.370839160156250000e+04,-1.875000156250000000e+05,4.616708203125000000e+04,-1.229347500000000000e+05,-1.318972343750000000e+05
4.543057867192999765e+03,-1.875000156250000000e+05,-1.231103046875000000e+05,-1.257318671875000000e+05,1.365354101562500000e+04,-1.875000156250000000e+05,4.610972656250000000e+04,-1.229188828125000000e+05,-1.319279531250000000e+05
4.543058263699000236e+03,-1.875000156250000000e+05,-1.230867890625000000e+05,-1.257396484375000000e+05,1.363436328125000000e+04,-1.875000156250000000e+05,4.609048046875000000e+04,-1.229483593750000000e+05,-1.319665781250000000e+05
4.543058717406999676e+03,-1.875000156250000000e+05,-1.231607734375000000e+05,-1.258214375000000000e+05,1.368369335937500000e+04,-1.875000156250000000e+05,4.614354296875000000e+04,-1.230018750000000000e+05,-1.319701093750000000e+05
4.543059115869000379e+03,-1.875000156250000000e+05,-1.232242500000000000e+05,-1.258567500000000000e+05,1.372242871093750000e+04,-1.875000156250000000e+05,4.618558984375000000e+04,-1.230007968750000000e+05,-1.319343437500000000e+05
4.543059516774999793e+03,-1.875000156250000000e+05,-1.231771562500000000e+05,-1.257959062500000000e+05,1.367850781250000000e+04,-1.875000156250000000e+05,4.614171093750000000e+04,-1.229531875000000000e+05,-1.319210312500000000e+05
4.543059910836000199e+03,-1.875000156250000000e+05,-1.231225468750000000e+05,-1.257605468750000000e+05,1.363523437500000000e+04,-1.875000156250000000e+05,4.609915234375000000e+04,-1.229474921875000000e+05,-1.319550156250000000e+05
4.543060443258999840e+03,-1.875000156250000000e+05,-1.230939140625000000e+05,-1.257542421875000000e+05,1.361288281250000000e+04,-1.875000156250000000e+05,4.607591015625000000e+04,-1.229618437500000000e+05,-1.319823125000000000e+05
4.543060851987999740e+03,-1.875000156250000000e+05,-1.231738906250000000e+05,-1.258455312500000000e+05,1.366784570312500000e+04,-1.875000156250000000e+05,4.613252343750000000e+04,-1.230242031250000000e+05,-1.319940937500000000e+05
4.543061249960000168e+03,-1.875000156250000000e+05,-1.232371953125000000e+05,-1.258724375000000000e+05,1.370950976562500000e+04,-1.875000156250000000e+05,4.617512890625000000e+04,-1.230136562500000000e+05,-1.319452812500000000e+05
4.543061669445000007e+03,-1.875000156250000000e+05,-1.231992578125000000e+05,-1.258148828125000000e+05,1.367882031250000000e+04,-1.875000156250000000e+05,4.614309765625000000e+04,-1.229703359375000000e+05,-1.319339062500000000e+05
4.543062120219999997e+03,-1.875000156250000000e+05,-1.231313359375000000e+05,-1.257631406250000000e+05,1.362855175781250000e+04,-1.875000156250000000e+05,4.609094921875000000e+04,-1.229494140625000000e+05,-1.319556718750000000e+05
4.543062524060000214e+03,-1.875000156250000000e+05,-1.231080234375000000e+05,-1.257658437500000000e+05,1.362032617187500000e+04,-1.875000156250000000e+05,4.608335156250000000e+04,-1.229715390625000000e+05,-1.319890468750000000e+05
4.543116597004999676e+03,-1.875000156250000000e+05,-1.231804218750000000e+05,-1.258382187500000000e+05,1.368212890625000000e+04,-1.875000156250000000e+05,4.614962500000000000e+04,-1.230144140625000000e+05,-1.319795156250000000e+05
4.543117062936000366e+03,-1.875000156250000000e+05,-1.232335078125000000e+05,-1.258629843750000000e+05,1.370548632812500000e+04,-1.875000156250000000e+05,4.617649218750000000e+04,-1.230126484375000000e+05,-1.319439531250000000e+05
4.543117467752999801e+03,-1.875000156250000000e+05,-1.232013828125000000e+05,-1.258120234375000000e+05,1.368443066406250000e+04,-1.875000156250000000e+05,4.615576953125000000e+04,-1.229757421875000000e+05,-1.319334531250000000e+05
4.543117862303999573e+03,-1.875000156250000000e+05,-1.231323437500000000e+05,-1.257500390625000000e+05,1.364828808593750000e+04,-1.875000156250000000e+05,4.612143750000000000e+04,-1.229413437500000000e+05,-1.319406875000000000e+05
4.543118261253999663e+03,-1.875000156250000000e+05,-1.230924687500000000e+05,-1.257459765625000000e+05,1.362459570312500000e+04,-1.875000156250000000e+05,4.609810546875000000e+04,-1.229613515625000000e+05,-1.319761875000000000e+05
4.543118721806999929e+03,-1.875000156250000000e+05,-1.231600781250000000e+05,-1.258263750000000000e+05,1.367345605468750000e+04,-1.875000156250000000e+05,4.614866406250000000e+04,-1.230152187500000000e+05,-1.319832031250000000e+05
4.543119121736000125e+03,-1.875000156250000000e+05,-1.232271093750000000e+05,-1.258576250000000000e+05,1.371798046875000000e+04,-1.875000156250000000e+05,4.619374609375000000e+04,-1.230090703125000000e+05,-1.319412343750000000e+05
4.543119518241999685e+03,-1.875000156250000000e+05,-1.231896953125000000e+05,-1.257995546875000000e+05,1.368141308593750000e+04,-1.875000156250000000e+05,4.615525781250000000e+04,-1.229690156250000000e+05,-1.319321250000000000e+05
4.543119918170000346e+03,-1.875000156250000000e+05,-1.231270625000000000e+05,-1.257511796875000000e+05,1.363800585937500000e+04,-1.875000156250000000e+05,4.610892187500000000e+04,-1.229479375000000000e+05,-1.319526093750000000e+05
4.543120513662000121e+03,-1.875000156250000000e+05,-1.230852890625000000e+05,-1.257544218750000000e+05,1.358746875000000000e+04,-1.875000156250000000e+05,4.605617187500000000e+04,-1.229758359375000000e+05,-1.320053750000000000e+05
4.543120969325999795e+03,-1.875000156250000000e+05,-1.231715000000000000e+05,-1.258560156250000000e+05,1.363418457031250000e+04,-1.875000156250000000e+05,4.610780468750000000e+04,-1.230535312500000000e+05,-1.320309062500000000e+05
4.543121424011999807e+03,-1.875000156250000000e+05,-1.232519921875000000e+05,-1.258881328125000000e+05,1.370155273437500000e+04,-1.875000156250000000e+05,4.617711718750000000e+04,-1.230402968750000000e+05,-1.319691406250000000e+05
4.543121933456000079e+03,-1.875000156250000000e+05,-1.232138984375000000e+05,-1.258179218750000000e+05,1.368664355468750000e+04,-1.875000156250000000e+05,4.616381640625000000e+04,-1.229780468750000000e+05,-1.319337031250000000e+05
4.543122394498000176e+03,-1.875000156250000000e+05,-1.231377031250000000e+05,-1.257573515625000000e+05,1.362926660156250000e+04,-1.875000156250000000e+05,4.610724609375000000e+04,-1.229489921875000000e+05,-1.319569687500000000e+05
4.543122850650999681e+03,-1.875000156250000000e+05,-1.231107031250000000e+05,-1.257607968750000000e+05,1.361621289062500000e+04,-1.875000156250000000e+05,4.609455078125000000e+04,-1.229779140625000000e+05,-1.319936250000000000e+05
4.543176566201999776e+03,-1.875000156250000000e+05,-1.231839062500000000e+05,-1.258331250000000000e+05,1.367470800781250000e+04,-1.875000156250000000e+05,4.615653125000000000e+04,-1.230230390625000000e+05,-1.319867656250000000e+05
4.543177098135999586e+03,-1.875000156250000000e+05,-1.232389140625000000e+05,-1.258636562500000000e+05,1.369522656250000000e+04,-1.875000156250000000e+05,4.617785546875000000e+04,-1.230233046875000000e+05,-1.319568281250000000e+05
4.543177548910000041e+03,-1.875000156250000000e+05,-1.232092265625000000e+05,-1.258162734375000000e+05,1.367926757812500000e+04,-1.875000156250000000e+05,4.616162890625000000e+04,-1.229809531250000000e+05,-1.319410468750000000e+05
4.543178010929999800e+03,-1.875000156250000000e+05,-1.231491250000000000e+05,-1.257567500000000000e+05,1.365586523437500000e+04,-1.875000156250000000e+05,4.613909765625000000e+04,-1.229460156250000000e+05,-1.319442656250000000e+05
4.543178513040999860e+03,-1.875000156250000000e+05,-1.231058281250000000e+05,-1.257440937500000000e+05,1.362352246093750000e+04,-1.875000156250000000e+05,4.610760156250000000e+04,-1.229612343750000000e+05,-1.319784218750000000e+05
4.543178970171000401e+03,-1.875000156250000000e+05,-1.231682578125000000e+05,-1.258293437500000000e+05,1.364647753906250000e+04,-1.875000156250000000e+05,4.613359765625000000e+04,-1.230272656250000000e+05,-1.320050156250000000e+05
4.543179420946000391e+03,-1.875000156250000000e+05,-1.232520781250000000e+05,-1.258801484375000000e+05,1.369922753906250000e+04,-1.875000156250000000e+05,4.618804687500000000e+04,-1.230346406250000000e+05,-1.319678125000000000e+05
4.543179924523999944e+03,-1.875000156250000000e+05,-1.232200078125000000e+05,-1.258180781250000000e+05,1.368192773437500000e+04,-1.875000156250000000e+05,4.616882421875000000e+04,-1.229795468750000000e+05,-1.319361093750000000e+05
4.543180440811999688e+03,-1.875000156250000000e+05,-1.231458203125000000e+05,-1.257616406250000000e+05,1.362698730468750000e+04,-1.875000156250000000e+05,4.611361718750000000e+04,-1.229549140625000000e+05,-1.319598750000000000e+05
4.543180894031999742e+03,-1.875000156250000000e+05,-1.231179687500000000e+05,-1.257602812500000000e+05,1.361842578125000000e+04,-1.875000156250000000e+05,4.610360156250000000e+04,-1.229750703125000000e+05,-1.319912031250000000e+05
4.543181404453999676e+03,-1.875000156250000000e+05,-1.231828515625000000e+05,-1.258287890625000000e+05,1.367499804687500000e+04,-1.875000156250000000e+05,4.616227734375000000e+04,-1.230182812500000000e+05,-1.319854843750000000e+05
4.543181860118000259e+03,-1.875000156250000000e+05,-1.232356015625000000e+05,-1.258591875000000000e+05,1.370038964843750000e+04,-1.875000156250000000e+05,4.618961328125000000e+04,-1.230172265625000000e+05,-1.319522343750000000e+05
4.543182314804000271e+03,-1.875000156250000000e+05,-1.231995078125000000e+05,-1.258077734375000000e+05,1.366549902343750000e+04,-1.875000156250000000e+05,4.615431640625000000e+04,-1.229811718750000000e+05,-1.319451875000000000e+05
4.543182820336999612e+03,-1.875000156250000000e+05,-1.231459765625000000e+05,-1.257612890625000000e+05,1.363711230468750000e+04,-1.875000156250000000e+05,4.612818750000000000e+04,-1.229575468750000000e+05,-1.319590937500000000e+05
4.543183278933999645e+03,-1.875000156250000000e+05,-1.231108125000000000e+05,-1.257484765625000000e+05,1.362586914062500000e+04,-1.875000156250000000e+05,4.612099218750000000e+04,-1.229640312500000000e+05,-1.319764843750000000e+05
4.543235568822999994e+03,-1.875000156250000000e+05,-1.231620937500000000e+05,-1.258242968750000000e+05,1.364200683593750000e+04,-1.875000156250000000e+05,4.614019140625000000e+04,-1.230218984375000000e+05,-1.319950937500000000e+05
4.543236141825999766e+03,-1.875000156250000000e+05,-1.232442109375000000e+05,-1.258796406250000000e+05,1.369111425781250000e+04,-1.875000156250000000e+05,4.618889453125000000e+04,-1.230393593750000000e+05,-1.319697656250000000e+05
4.543236609712999780e+03,-1.875000156250000000e+05,-1.232128281250000000e+05,-1.258218828125000000e+05,1.367017089843750000e+04,-1.875000156250000000e+05,4.616661328125000000e+04,-1.229892031250000000e+05,-1.319442968750000000e+05
4.543237116223000157e+03,-1.875000156250000000e+05,-1.231487890625000000e+05,-1.257675000000000000e+05,1.363905664062500000e+04,-1.875000156250000000e+05,4.613507421875000000e+04,-1.229607421875000000e+05,-1.319550156250000000e+05
4.543237569932000042e+03,-1.875000156250000000e+05,-1.231062578125000000e+05,-1.257545781250000000e+05,1.361335253906250000e+04,-1.875000156250000000e+05,4.610983984375000000e+04,-1.229730625000000000e+05,-1.319878750000000000e+05
4.543238016305999736e+03,-1.875000156250000000e+05,-1.231726875000000000e+05,-1.258348203125000000e+05,1.366122949218750000e+04,-1.875000156250000000e+05,4.616055468750000000e+04,-1.230266171875000000e+05,-1.319980312500000000e+05
4.543238523795000219e+03,-1.875000156250000000e+05,-1.232387109375000000e+05,-1.258720390625000000e+05,1.369880273437500000e+04,-1.875000156250000000e+05,4.619761328125000000e+04,-1.230284531250000000e+05,-1.319639375000000000e+05
4.543238972125000146e+03,-1.875000156250000000e+05,-1.232090312500000000e+05,-1.258143046875000000e+05,1.369097949218750000e+04,-1.875000156250000000e+05,4.618592187500000000e+04,-1.229772421875000000e+05,-1.319306562500000000e+05
4.543239416055000220e+03,-1.875000156250000000e+05,-1.231318281250000000e+05,-1.257576171875000000e+05,1.363425097656250000e+04,-1.875000156250000000e+05,4.612637890625000000e+04,-1.229554062500000000e+05,-1.319561406250000000e+05
4.543239925498999582e+03,-1.875000156250000000e+05,-1.230971171875000000e+05,-1.257573281250000000e+05,1.360970898437500000e+04,-1.875000156250000000e+05,4.610188281250000000e+04,-1.229788281250000000e+05,-1.319945625000000000e+05
4.543240335694999885e+03,-1.875000156250000000e+05,-1.231663125000000000e+05,-1.258362109375000000e+05,1.365430078125000000e+04,-1.875000156250000000e+05,4.614864062500000000e+04,-1.230347109375000000e+05,-1.320035468750000000e+05
4.543240668153000115e+03,-1.875000156250000000e+05,-1.232406796875000000e+05,-1.258802421875000000e+05,1.369777441406250000e+04,-1.875000156250000000e+05,4.619052734375000000e+04,-1.230388437500000000e+05,-1.319691093750000000e+05
4.543241005990000303e+03,-1.875000156250000000e+05,-1.232135859375000000e+05,-1.258245000000000000e+05,1.368027343750000000e+04,-1.875000156250000000e+05,4.617296093750000000e+04,-1.229888203125000000e+05,-1.319473593750000000e+05
4.543241412274000140e+03,-1.875000156250000000e+05,-1.231467578125000000e+05,-1.257652656250000000e+05,1.363883300781250000e+04,-1.875000156250000000e+05,4.613357421875000000e+04,-1.229594531250000000e+05,-1.319582656250000000e+05
4.543241755488999843e+03,-1.875000156250000000e+05,-1.231073515625000000e+05,-1.257572187500000000e+05,1.361006640625000000e+04,-1.875000156250000000e+05,4.610829687500000000e+04,-1.229809296875000000e+05,-1.319923437500000000e+05
4.543296559352999793e+03,-1.875000156250000000e+05,-1.231814921875000000e+05,-1.258352734375000000e+05,1.367039355468750000e+04,-1.875000156250000000e+05,4.617376562500000000e+04,-1.230361640625000000e+05,-1.319945781250000000e+05
4.543297069285999896e+03,-1.875000156250000000e+05,-1.232352031250000000e+05,-1.258635859375000000e+05,1.369560644531250000e+04,-1.875000156250000000e+05,4.620045312500000000e+04,-1.230297890625000000e+05,-1.319571875000000000e+05
4.543297528371999761e+03,-1.875000156250000000e+05,-1.232050312500000000e+05,-1.258182812500000000e+05,1.367097558593750000e+04,-1.875000156250000000e+05,4.617586718750000000e+04,-1.229907187500000000e+05,-1.319450468750000000e+05
4.543298050039000373e+03,-1.875000156250000000e+05,-1.231427812500000000e+05,-1.257676328125000000e+05,1.363174804687500000e+04,-1.875000156250000000e+05,4.613440234375000000e+04,-1.229632265625000000e+05,-1.319590625000000000e+05
4.543298508636000406e+03,-1.875000156250000000e+05,-1.231072187500000000e+05,-1.257622500000000000e+05,1.361440332031250000e+04,-1.875000156250000000e+05,4.611687890625000000e+04,-1.229792734375000000e+05,-1.319904062500000000e+05
4.543298970167000334e+03,-1.875000156250000000e+05,-1.231713437500000000e+05,-1.258389765625000000e+05,1.365973242187500000e+04,-1.875000156250000000e+05,4.616314843750000000e+04,-1.230329843750000000e+05,-1.319996406250000000e+05
4.543299466411000139e+03,-1.875000156250000000e+05,-1.232382656250000000e+05,-1.258810703125000000e+05,1.370318359375000000e+04,-1.875000156250000000e+05,4.620507812500000000e+04,-1.230356718750000000e+05,-1.319644531250000000e+05
4.543299919140999918e+03,-1.875000156250000000e+05,-1.232060546875000000e+05,-1.258220156250000000e+05,1.368487792968750000e+04,-1.875000156250000000e+05,4.618494140625000000e+04,-1.229844609375000000e+05,-1.319378750000000000e+05
4.543300434941000276e+03,-1.875000156250000000e+05,-1.231379531250000000e+05,-1.257650156250000000e+05,1.364176171875000000e+04,-1.875000156250000000e+05,4.613891796875000000e+04,-1.229596484375000000e+05,-1.319594843750000000e+05
4.543300943408000421e+03,-1.875000156250000000e+05,-1.231008437500000000e+05,-1.257549843750000000e+05,1.362962402343750000e+04,-1.875000156250000000e+05,4.612481250000000000e+04,-1.229728125000000000e+05,-1.319848437500000000e+05
4.543301403960999778e+03,-1.875000156250000000e+05,-1.231570156250000000e+05,-1.258293437500000000e+05,1.366469433593750000e+04,-1.875000156250000000e+05,4.616218750000000000e+04,-1.230253671875000000e+05,-1.319943593750000000e+05
4.543301860603000023e+03,-1.875000156250000000e+05,-1.232236015625000000e+05,-1.258765312500000000e+05,1.369276757812500000e+04,-1.875000156250000000e+05,4.619135546875000000e+04,-1.230391796875000000e+05,-1.319697656250000000e+05
4.543302350490000208e+03,-1.875000156250000000e+05,-1.232062109375000000e+05,-1.258277812500000000e+05,1.368948242187500000e+04,-1.875000156250000000e+05,4.618710937500000000e+04,-1.229931093750000000e+05,-1.319424375000000000e+05
4.543302848201000415e+03,-1.875000156250000000e+05,-1.231363671875000000e+05,-1.257605468750000000e+05,1.365083593750000000e+04,-1.875000156250000000e+05,4.614855078125000000e+04,-1.229565234375000000e+05,-1.319481875000000000e+05
4.543303306798000449e+03,-1.875000156250000000e+05,-1.230906953125000000e+05,-1.257529296875000000e+05,1.360843457031250000e+04,-1.875000156250000000e+05,4.610832031250000000e+04,-1.229794531250000000e+05,-1.319971250000000000e+05
4.543356474279999929e+03,-1.875000156250000000e+05,-1.231621562500000000e+05,-1.258396093750000000e+05,1.365190917968750000e+04,-1.875000156250000000e+05,4.615682031250000000e+04,-1.230406953125000000e+05,-1.320108125000000000e+05
4.543356982258000244e+03,-1.875000156250000000e+05,-1.232390937500000000e+05,-1.258837265625000000e+05,1.369781933593750000e+04,-1.875000156250000000e+05,4.620516796875000000e+04,-1.230487421875000000e+05,-1.319737812500000000e+05
4.543357441344000108e+03,-1.875000156250000000e+05,-1.232134140625000000e+05,-1.258251015625000000e+05,1.368919140625000000e+04,-1.875000156250000000e+05,4.619633984375000000e+04,-1.229938906250000000e+05,-1.319425937500000000e+05
4.543357958610999958e+03,-1.875000156250000000e+05,-1.231369921875000000e+05,-1.257602343750000000e+05,1.364663378906250000e+04,-1.875000156250000000e+05,4.615454296875000000e+04,-1.229595390625000000e+05,-1.319530937500000000e+05
4.543358415253000203e+03,-1.875000156250000000e+05,-1.230964843750000000e+05,-1.257472500000000000e+05,1.363161328125000000e+04,-1.875000156250000000e+05,4.614325390625000000e+04,-1.229708281250000000e+05,-1.319799375000000000e+05
4.543358863094000299e+03,-1.875000156250000000e+05,-1.231441171875000000e+05,-1.258172109375000000e+05,1.364962890625000000e+04,-1.875000156250000000e+05,4.616464453125000000e+04,-1.230280000000000000e+05,-1.319997187500000000e+05
4.543359370582999873e+03,-1.875000156250000000e+05,-1.232226640625000000e+05,-1.258716796875000000e+05,1.369352832031250000e+04,-1.875000156250000000e+05,4.621095703125000000e+04,-1.230451718750000000e+05,-1.319716562500000000e+05
4.543359821357000328e+03,-1.875000156250000000e+05,-1.232007812500000000e+05,-1.258140546875000000e+05,1.368405078125000000e+04,-1.875000156250000000e+05,4.620083203125000000e+04,-1.229893359375000000e+05,-1.319359375000000000e+05
4.543360342535000200e+03,-1.875000156250000000e+05,-1.231317578125000000e+05,-1.257571484375000000e+05,1.363147949218750000e+04,-1.875000156250000000e+05,4.614770312500000000e+04,-1.229651484375000000e+05,-1.319543437500000000e+05
4.543360857845999817e+03,-1.875000156250000000e+05,-1.230943906250000000e+05,-1.257529296875000000e+05,1.360061230468750000e+04,-1.875000156250000000e+05,4.611792968750000000e+04,-1.229876796875000000e+05,-1.319928125000000000e+05
4.543361315954999554e+03,-1.875000156250000000e+05,-1.231580468750000000e+05,-1.258365000000000000e+05,1.363228417968750000e+04,-1.875000156250000000e+05,4.615223828125000000e+04,-1.230494609375000000e+05,-1.320121718750000000e+05
4.543361770640999566e+03,-1.875000156250000000e+05,-1.232474296875000000e+05,-1.258825234375000000e+05,1.370461425781250000e+04,-1.875000156250000000e+05,4.622410156250000000e+04,-1.230469531250000000e+05,-1.319582343750000000e+05
4.543362285952000093e+03,-1.875000156250000000e+05,-1.232150859375000000e+05,-1.258090703125000000e+05,1.369768554687500000e+04,-1.875000156250000000e+05,4.621527343750000000e+04,-1.229842812500000000e+05,-1.319142968750000000e+05
4.543362741615999767e+03,-1.875000156250000000e+05,-1.231360078125000000e+05,-1.257430468750000000e+05,1.364109082031250000e+04,-1.875000156250000000e+05,4.615726953125000000e+04,-1.229540625000000000e+05,-1.319326093750000000e+05
4.543363197769000180e+03,-1.875000156250000000e+05,-1.230980781250000000e+05,-1.257403437500000000e+05,1.361236914062500000e+04,-1.875000156250000000e+05,4.612926171875000000e+04,-1.229727500000000000e+05,-1.319708750000000000e+05
4.543416392142000404e+03,-1.875000156250000000e+05,-1.231653984375000000e+05,-1.258214531250000000e+05,1.365298242187500000e+04,-1.875000156250000000e+05,4.617271484375000000e+04,-1.230300625000000000e+05,-1.319863281250000000e+05
4.543416908918999980e+03,-1.875000156250000000e+05,-1.232401171875000000e+05,-1.258605468750000000e+05,1.370157421875000000e+04,-1.875000156250000000e+05,4.621933984375000000e+04,-1.230287812500000000e+05,-1.319429218750000000e+05
4.543417414452000230e+03,-1.875000156250000000e+05,-1.231983203125000000e+05,-1.258043593750000000e+05,1.365709472656250000e+04,-1.875000156250000000e+05,4.617338281250000000e+04,-1.229869843750000000e+05,-1.319323125000000000e+05
4.543417868159999671e+03,-1.875000156250000000e+05,-1.231510468750000000e+05,-1.257573750000000000e+05,1.363764843750000000e+04,-1.875000156250000000e+05,4.615342578125000000e+04,-1.229632500000000000e+05,-1.319420312500000000e+05
4.543418313557000147e+03,-1.875000156250000000e+05,-1.231103906250000000e+05,-1.257393125000000000e+05,1.361487207031250000e+04,-1.875000156250000000e+05,4.613044531250000000e+04,-1.229668046875000000e+05,-1.319683125000000000e+05
4.543418820068000059e+03,-1.875000156250000000e+05,-1.231665625000000000e+05,-1.258182812500000000e+05,1.364149316406250000e+04,-1.875000156250000000e+05,4.615802734375000000e+04,-1.230248281250000000e+05,-1.319903437500000000e+05
4.543419281110000156e+03,-1.875000156250000000e+05,-1.232455546875000000e+05,-1.258707421875000000e+05,1.368378222656250000e+04,-1.875000156250000000e+05,4.620324609375000000e+04,-1.230349765625000000e+05,-1.319551093750000000e+05
4.543419737262999661e+03,-1.875000156250000000e+05,-1.232275390625000000e+05,-1.258206953125000000e+05,1.366297363281250000e+04,-1.875000156250000000e+05,4.618317578125000000e+04,-1.229890468750000000e+05,-1.319345312500000000e+05
4.543420309287000237e+03,-1.875000156250000000e+05,-1.231675703125000000e+05,-1.257621093750000000e+05,1.363440722656250000e+04,-1.875000156250000000e+05,4.615425000000000000e+04,-1.229560312500000000e+05,-1.319438437500000000e+05
4.543420713127000454e+03,-1.875000156250000000e+05,-1.231242734375000000e+05,-1.257419062500000000e+05,1.362110839843750000e+04,-1.875000156250000000e+05,4.614381250000000000e+04,-1.229607031250000000e+05,-1.319635000000000000e+05
4.543421114521999698e+03,-1.875000156250000000e+05,-1.231773125000000000e+05,-1.258080234375000000e+05,1.366062597656250000e+04,-1.875000156250000000e+05,4.618808984375000000e+04,-1.230084453125000000e+05,-1.319703125000000000e+05
4.543421516895000423e+03,-1.875000156250000000e+05,-1.232458437500000000e+05,-1.258504453125000000e+05,1.370521777343750000e+04,-1.875000156250000000e+05,4.623389062500000000e+04,-1.230108359375000000e+05,-1.319325312500000000e+05
4.543421980869999970e+03,-1.875000156250000000e+05,-1.232084453125000000e+05,-1.257973828125000000e+05,1.365841308593750000e+04,-1.875000156250000000e+05,4.618666015625000000e+04,-1.229725000000000000e+05,-1.319257812500000000e+05
4.543422382265000124e+03,-1.875000156250000000e+05,-1.231494140625000000e+05,-1.257521640625000000e+05,1.361033496093750000e+04,-1.875000156250000000e+05,4.613871484375000000e+04,-1.229567656250000000e+05,-1.319531718750000000e+05
4.543422780238000087e+03,-1.875000156250000000e+05,-1.231136328125000000e+05,-1.257471171875000000e+05,1.358116601562500000e+04,-1.875000156250000000e+05,4.610860937500000000e+04,-1.229726406250000000e+05,-1.319880156250000000e+05
4.543476531968000018e+03,-1.875000156250000000e+05,-1.231865859375000000e+05,-1.258307109375000000e+05,1.363257519531250000e+04,-1.875000156250000000e+05,4.616260937500000000e+04,-1.230279765625000000e+05,-1.319981406250000000e+05
4.543476982743000008e+03,-1.875000156250000000e+05,-1.232595000000000000e+05,-1.258721015625000000e+05,1.368588378906250000e+04,-1.875000156250000000e+05,4.621670312500000000e+04,-1.230246250000000000e+05,-1.319499218750000000e+05
4.543477383159999590e+03,-1.875000156250000000e+05,-1.232272265625000000e+05,-1.258153359375000000e+05,1.366252636718750000e+04,-1.875000156250000000e+05,4.619367968750000000e+04,-1.229784687500000000e+05,-1.319265156250000000e+05
4.543477828557000066e+03,-1.875000156250000000e+05,-1.231630703125000000e+05,-1.257545781250000000e+05,1.362631640625000000e+04,-1.875000156250000000e+05,4.615762500000000000e+04,-1.229460390625000000e+05,-1.319337656250000000e+05
4.543478269553000246e+03,-1.875000156250000000e+05,-1.231200937500000000e+05,-1.257432734375000000e+05,1.360237792968750000e+04,-1.875000156250000000e+05,4.613303906250000000e+04,-1.229596718750000000e+05,-1.319681406250000000e+05
4.543478668503999870e+03,-1.875000156250000000e+05,-1.231744296875000000e+05,-1.258147031250000000e+05,1.363353613281250000e+04,-1.875000156250000000e+05,4.616669921875000000e+04,-1.230145234375000000e+05,-1.319841250000000000e+05
4.543479067453999960e+03,-1.875000156250000000e+05,-1.232531484375000000e+05,-1.258665859375000000e+05,1.368650976562500000e+04,-1.875000156250000000e+05,4.622061328125000000e+04,-1.230258125000000000e+05,-1.319513750000000000e+05
4.543479517251000289e+03,-1.875000156250000000e+05,-1.232283437500000000e+05,-1.258075546875000000e+05,1.367403710937500000e+04,-1.875000156250000000e+05,4.620594921875000000e+04,-1.229694609375000000e+05,-1.319156875000000000e+05
4.543479923535999660e+03,-1.875000156250000000e+05,-1.231588906250000000e+05,-1.257491718750000000e+05,1.362620410156250000e+04,-1.875000156250000000e+05,4.615693359375000000e+04,-1.229418828125000000e+05,-1.319357031250000000e+05
4.543480380666000201e+03,-1.875000156250000000e+05,-1.231191562500000000e+05,-1.257434921875000000e+05,1.360099218750000000e+04,-1.875000156250000000e+05,4.613082812500000000e+04,-1.229603203125000000e+05,-1.319738437500000000e+05
4.543480805039999723e+03,-1.875000156250000000e+05,-1.231835000000000000e+05,-1.258177656250000000e+05,1.364871289062500000e+04,-1.875000156250000000e+05,4.617973046875000000e+04,-1.230114609375000000e+05,-1.319820468750000000e+05
4.543481252880999818e+03,-1.875000156250000000e+05,-1.232485468750000000e+05,-1.258596796875000000e+05,1.367716699218750000e+04,-1.875000156250000000e+05,4.620892187500000000e+04,-1.230166484375000000e+05,-1.319511093750000000e+05
4.543481657698999697e+03,-1.875000156250000000e+05,-1.232266171875000000e+05,-1.258123593750000000e+05,1.365387597656250000e+04,-1.875000156250000000e+05,4.618699609375000000e+04,-1.229798593750000000e+05,-1.319374062500000000e+05
4.543482054205000168e+03,-1.875000156250000000e+05,-1.231666250000000000e+05,-1.257551406250000000e+05,1.361748730468750000e+04,-1.875000156250000000e+05,4.615157031250000000e+04,-1.229500625000000000e+05,-1.319468437500000000e+05
4.543482505957000285e+03,-1.875000156250000000e+05,-1.231283593750000000e+05,-1.257442968750000000e+05,1.359647656250000000e+04,-1.875000156250000000e+05,4.613198828125000000e+04,-1.229636328125000000e+05,-1.319771875000000000e+05
4.543536369647999891e+03,-1.875000156250000000e+05,-1.231852500000000000e+05,-1.258202265625000000e+05,1.363004882812500000e+04,-1.875000156250000000e+05,4.616918359375000000e+04,-1.230213671875000000e+05,-1.319903593750000000e+05
4.543536832155999946e+03,-1.875000156250000000e+05,-1.232619140625000000e+05,-1.258661796875000000e+05,1.368228515625000000e+04,-1.875000156250000000e+05,4.622255859375000000e+04,-1.230255625000000000e+05,-1.319509375000000000e+05
4.543537226706999718e+03,-1.875000156250000000e+05,-1.232276015625000000e+05,-1.258096562500000000e+05,1.365105957031250000e+04,-1.875000156250000000e+05,4.619235937500000000e+04,-1.229782734375000000e+05,-1.319318593750000000e+05
4.543537673570000152e+03,-1.875000156250000000e+05,-1.231669609375000000e+05,-1.257605000000000000e+05,1.360561816406250000e+04,-1.875000156250000000e+05,4.614765625000000000e+04,-1.229549765625000000e+05,-1.319538437500000000e+05
4.543538108699999611e+03,-1.875000156250000000e+05,-1.231339921875000000e+05,-1.257538671875000000e+05,1.359196191406250000e+04,-1.875000156250000000e+05,4.613395703125000000e+04,-1.229676562500000000e+05,-1.319831562500000000e+05
4.543538512050999998e+03,-1.875000156250000000e+05,-1.231981640625000000e+05,-1.258188437500000000e+05,1.365868164062500000e+04,-1.875000156250000000e+05,4.620163671875000000e+04,-1.230046875000000000e+05,-1.319707187500000000e+05
4.543538916378999602e+03,-1.875000156250000000e+05,-1.232548046875000000e+05,-1.258483046875000000e+05,1.369714941406250000e+04,-1.875000156250000000e+05,4.624271875000000000e+04,-1.230022968750000000e+05,-1.319286875000000000e+05
4.543539368620999994e+03,-1.875000156250000000e+05,-1.232136093750000000e+05,-1.257882890625000000e+05,1.366290625000000000e+04,-1.875000156250000000e+05,4.620856640625000000e+04,-1.229590000000000000e+05,-1.319146250000000000e+05
4.543539768548999746e+03,-1.875000156250000000e+05,-1.231568125000000000e+05,-1.257400078125000000e+05,1.363107714843750000e+04,-1.875000156250000000e+05,4.617595312500000000e+04,-1.229369843750000000e+05,-1.319359531250000000e+05
4.543540230079999674e+03,-1.875000156250000000e+05,-1.231159140625000000e+05,-1.257217421875000000e+05,1.361277148437500000e+04,-1.875000156250000000e+05,4.615731250000000000e+04,-1.229406484375000000e+05,-1.319561093750000000e+05
4.543540653965000274e+03,-1.875000156250000000e+05,-1.231710078125000000e+05,-1.257968437500000000e+05,1.365351855468750000e+04,-1.875000156250000000e+05,4.619940234375000000e+04,-1.229970468750000000e+05,-1.319718906250000000e+05
4.543541106206000222e+03,-1.875000156250000000e+05,-1.232402343750000000e+05,-1.258417265625000000e+05,1.369974218750000000e+04,-1.875000156250000000e+05,4.624593750000000000e+04,-1.230010234375000000e+05,-1.319320000000000000e+05
4.543541513467999721e+03,-1.875000156250000000e+05,-1.232093203125000000e+05,-1.257891796875000000e+05,1.367723339843750000e+04,-1.875000156250000000e+05,4.622380859375000000e+04,-1.229552890625000000e+05,-1.319108281250000000e+05
4.543541915841000446e+03,-1.875000156250000000e+05,-1.231411015625000000e+05,-1.257292109375000000e+05,1.363295507812500000e+04,-1.875000156250000000e+05,4.617977734375000000e+04,-1.229267968750000000e+05,-1.319273906250000000e+05
4.543542363194000245e+03,-1.875000156250000000e+05,-1.231028593750000000e+05,-1.257210078125000000e+05,1.361201074218750000e+04,-1.875000156250000000e+05,4.615833984375000000e+04,-1.229433750000000000e+05,-1.319600937500000000e+05
4.543542770944999575e+03,-1.875000156250000000e+05,-1.231596093750000000e+05,-1.257975625000000000e+05,1.365383105468750000e+04,-1.875000156250000000e+05,4.620031640625000000e+04,-1.229961953125000000e+05,-1.319734687500000000e+05
4.543597900421999839e+03,-1.875000156250000000e+05,-1.232295234375000000e+05,-1.258441640625000000e+05,1.368912500000000000e+04,-1.875000156250000000e+05,4.623420312500000000e+04,-1.230046640625000000e+05,-1.319418125000000000e+05
4.543598388843000066e+03,-1.875000156250000000e+05,-1.232099218750000000e+05,-1.258036171875000000e+05,1.365642382812500000e+04,-1.875000156250000000e+05,4.620080859375000000e+04,-1.229729687500000000e+05,-1.319374062500000000e+05
4.543598890954000126e+03,-1.875000156250000000e+05,-1.231682187500000000e+05,-1.257507343750000000e+05,1.364777441406250000e+04,-1.875000156250000000e+05,4.619137890625000000e+04,-1.229358046875000000e+05,-1.319334531250000000e+05
4.543599341729000116e+03,-1.875000156250000000e+05,-1.231126015625000000e+05,-1.257254531250000000e+05,1.361882812500000000e+04,-1.875000156250000000e+05,4.616448828125000000e+04,-1.229381953125000000e+05,-1.319586406250000000e+05
4.543599793481000233e+03,-1.875000156250000000e+05,-1.231605703125000000e+05,-1.257963984375000000e+05,1.365519433593750000e+04,-1.875000156250000000e+05,4.620326953125000000e+04,-1.229915937500000000e+05,-1.319747968750000000e+05
4.543600368438999794e+03,-1.875000156250000000e+05,-1.232329687500000000e+05,-1.258475000000000000e+05,1.369887011718750000e+04,-1.875000156250000000e+05,4.624564843750000000e+04,-1.230031015625000000e+05,-1.319462968750000000e+05
4.543600822147999679e+03,-1.875000156250000000e+05,-1.232087578125000000e+05,-1.257974296875000000e+05,1.368181542968750000e+04,-1.875000156250000000e+05,4.622783203125000000e+04,-1.229610625000000000e+05,-1.319255781250000000e+05
4.543601273899999796e+03,-1.875000156250000000e+05,-1.231444531250000000e+05,-1.257395625000000000e+05,1.363753710937500000e+04,-1.875000156250000000e+05,4.618167578125000000e+04,-1.229308593750000000e+05,-1.319366093750000000e+05
4.543601757921000171e+03,-1.875000156250000000e+05,-1.231099687500000000e+05,-1.257306875000000000e+05,1.361820312500000000e+04,-1.875000156250000000e+05,4.616238671875000000e+04,-1.229477343750000000e+05,-1.319715781250000000e+05
4.543602238520000355e+03,-1.875000156250000000e+05,-1.231655312500000000e+05,-1.258010937500000000e+05,1.365709472656250000e+04,-1.875000156250000000e+05,4.620391796875000000e+04,-1.229977187500000000e+05,-1.319837500000000000e+05
4.543602693206000367e+03,-1.875000156250000000e+05,-1.232407890625000000e+05,-1.258511640625000000e+05,1.370081445312500000e+04,-1.875000156250000000e+05,4.624886718750000000e+04,-1.230060312500000000e+05,-1.319480625000000000e+05
4.543603151313999660e+03,-1.875000156250000000e+05,-1.232077968750000000e+05,-1.258022812500000000e+05,1.365966503906250000e+04,-1.875000156250000000e+05,4.620796093750000000e+04,-1.229692187500000000e+05,-1.319370781250000000e+05
4.543603660269999637e+03,-1.875000156250000000e+05,-1.231458593750000000e+05,-1.257534375000000000e+05,1.360834570312500000e+04,-1.875000156250000000e+05,4.615820703125000000e+04,-1.229479609375000000e+05,-1.319587968750000000e+05
4.543604135489999862e+03,-1.875000156250000000e+05,-1.231152890625000000e+05,-1.257512265625000000e+05,1.359053125000000000e+04,-1.875000156250000000e+05,4.614428125000000000e+04,-1.229680078125000000e+05,-1.319934375000000000e+05
4.543604587732000255e+03,-1.875000156250000000e+05,-1.231790312500000000e+05,-1.258186171875000000e+05,1.364057714843750000e+04,-1.875000156250000000e+05,4.619904296875000000e+04,-1.230160703125000000e+05,-1.319949218750000000e+05
4.543657840283999576e+03,-1.875000156250000000e+05,-1.232592734375000000e+05,-1.258618671875000000e+05,1.370747558593750000e+04,-1.875000156250000000e+05,4.626764062500000000e+04,-1.230157734375000000e+05,-1.319477968750000000e+05
4.543658322348999718e+03,-1.875000156250000000e+05,-1.232157109375000000e+05,-1.257999062500000000e+05,1.367110937500000000e+04,-1.875000156250000000e+05,4.622942187500000000e+04,-1.229650156250000000e+05,-1.319279062500000000e+05
4.543658834726999885e+03,-1.875000156250000000e+05,-1.231623125000000000e+05,-1.257514531250000000e+05,1.364207421875000000e+04,-1.875000156250000000e+05,4.619973828125000000e+04,-1.229414531250000000e+05,-1.319418125000000000e+05
4.543659283545999642e+03,-1.875000156250000000e+05,-1.231141718750000000e+05,-1.257341250000000000e+05,1.360678125000000000e+04,-1.875000156250000000e+05,4.616525000000000000e+04,-1.229531875000000000e+05,-1.319751406250000000e+05
4.543659747032999803e+03,-1.875000156250000000e+05,-1.231698281250000000e+05,-1.258051406250000000e+05,1.364636621093750000e+04,-1.875000156250000000e+05,4.620707031250000000e+04,-1.230083750000000000e+05,-1.319894843750000000e+05
4.543660323946000062e+03,-1.875000156250000000e+05,-1.232432968750000000e+05,-1.258542031250000000e+05,1.368595117187500000e+04,-1.875000156250000000e+05,4.624835156250000000e+04,-1.230209140625000000e+05,-1.319599375000000000e+05
4.543660727297000449e+03,-1.875000156250000000e+05,-1.232216328125000000e+05,-1.258029296875000000e+05,1.365933007812500000e+04,-1.875000156250000000e+05,4.622081640625000000e+04,-1.229752109375000000e+05,-1.319371406250000000e+05
4.543661117935999755e+03,-1.875000156250000000e+05,-1.231560781250000000e+05,-1.257560078125000000e+05,1.360161718750000000e+04,-1.875000156250000000e+05,4.616151562500000000e+04,-1.229581718750000000e+05,-1.319675156250000000e+05
4.543661525198000163e+03,-1.875000156250000000e+05,-1.231260625000000000e+05,-1.257515156250000000e+05,1.359328027343750000e+04,-1.875000156250000000e+05,4.615387109375000000e+04,-1.229699531250000000e+05,-1.319929687500000000e+05
4.543661990151000282e+03,-1.875000156250000000e+05,-1.231851796875000000e+05,-1.258140156250000000e+05,1.364710351562500000e+04,-1.875000156250000000e+05,4.621203125000000000e+04,-1.230129375000000000e+05,-1.319908125000000000e+05
4.543662387145999674e+03,-1.875000156250000000e+05,-1.232506718750000000e+05,-1.258550937500000000e+05,1.368208398437500000e+04,-1.875000156250000000e+05,4.624683203125000000e+04,-1.230190156250000000e+05,-1.319603906250000000e+05
4.543662785608000377e+03,-1.875000156250000000e+05,-1.232265781250000000e+05,-1.258102343750000000e+05,1.365682617187500000e+04,-1.875000156250000000e+05,4.622121875000000000e+04,-1.229783359375000000e+05,-1.319406093750000000e+05
4.543663250560999586e+03,-1.875000156250000000e+05,-1.231644140625000000e+05,-1.257602109375000000e+05,1.361469335937500000e+04,-1.875000156250000000e+05,4.617928515625000000e+04,-1.229533281250000000e+05,-1.319569687500000000e+05
4.543663657822999994e+03,-1.875000156250000000e+05,-1.231222343750000000e+05,-1.257456406250000000e+05,1.359050878906250000e+04,-1.875000156250000000e+05,4.615505468750000000e+04,-1.229651250000000000e+05,-1.319859531250000000e+05
4.543664068506999683e+03,-1.875000156250000000e+05,-1.231828359375000000e+05,-1.258189531250000000e+05,1.363983886718750000e+04,-1.875000156250000000e+05,4.620626562500000000e+04,-1.230151484375000000e+05,-1.319936875000000000e+05
4.543717765479000263e+03,-1.875000156250000000e+05,-1.232548281250000000e+05,-1.258657343750000000e+05,1.368378222656250000e+04,-1.875000156250000000e+05,4.625025390625000000e+04,-1.230206250000000000e+05,-1.319585781250000000e+05
4.543718232387999706e+03,-1.875000156250000000e+05,-1.232261953125000000e+05,-1.258150000000000000e+05,1.364949511718750000e+04,-1.875000156250000000e+05,4.621312500000000000e+04,-1.229808437500000000e+05,-1.319476406250000000e+05
4.543718684630000098e+03,-1.875000156250000000e+05,-1.231700703125000000e+05,-1.257665390625000000e+05,1.361020117187500000e+04,-1.875000156250000000e+05,4.617063671875000000e+04,-1.229578593750000000e+05,-1.319660000000000000e+05
4.543719095802999618e+03,-1.875000156250000000e+05,-1.231324062500000000e+05,-1.257578203125000000e+05,1.359216308593750000e+04,-1.875000156250000000e+05,4.615228515625000000e+04,-1.229693750000000000e+05,-1.319964218750000000e+05
4.543719492309000088e+03,-1.875000156250000000e+05,-1.231907890625000000e+05,-1.258245390625000000e+05,1.364801953125000000e+04,-1.875000156250000000e+05,4.621162890625000000e+04,-1.230120234375000000e+05,-1.319957968750000000e+05
4.543719955794999805e+03,-1.875000156250000000e+05,-1.232596328125000000e+05,-1.258674140625000000e+05,1.369209765625000000e+04,-1.875000156250000000e+05,4.625794140625000000e+04,-1.230157109375000000e+05,-1.319574531250000000e+05
4.543720416348000072e+03,-1.875000156250000000e+05,-1.232296562500000000e+05,-1.258154218750000000e+05,1.366784570312500000e+04,-1.875000156250000000e+05,4.623375781250000000e+04,-1.229734218750000000e+05,-1.319366718750000000e+05
4.543720811387999674e+03,-1.875000156250000000e+05,-1.231636328125000000e+05,-1.257567734375000000e+05,1.362810449218750000e+04,-1.875000156250000000e+05,4.619253906250000000e+04,-1.229458593750000000e+05,-1.319497968750000000e+05
4.543721206915999574e+03,-1.875000156250000000e+05,-1.231236640625000000e+05,-1.257458203125000000e+05,1.360646777343750000e+04,-1.875000156250000000e+05,4.616940625000000000e+04,-1.229569687500000000e+05,-1.319820000000000000e+05
4.543721693380999568e+03,-1.875000156250000000e+05,-1.231739140625000000e+05,-1.258146640625000000e+05,1.363865429687500000e+04,-1.875000156250000000e+05,4.620167968750000000e+04,-1.230041093750000000e+05,-1.319949218750000000e+05
4.543722095754000293e+03,-1.875000156250000000e+05,-1.232468671875000000e+05,-1.258739843750000000e+05,1.367251757812500000e+04,-1.875000156250000000e+05,4.623565625000000000e+04,-1.230267734375000000e+05,-1.319763906250000000e+05
4.543722494704000383e+03,-1.875000156250000000e+05,-1.232332109375000000e+05,-1.258287421875000000e+05,1.366292871093750000e+04,-1.875000156250000000e+05,4.622363281250000000e+04,-1.229839218750000000e+05,-1.319513125000000000e+05
4.543722960635000163e+03,-1.875000156250000000e+05,-1.231688437500000000e+05,-1.257712578125000000e+05,1.361558789062500000e+04,-1.875000156250000000e+05,4.617387500000000000e+04,-1.229549765625000000e+05,-1.319668437500000000e+05
4.543723364964000211e+03,-1.875000156250000000e+05,-1.231273593750000000e+05,-1.257626250000000000e+05,1.358351269531250000e+04,-1.875000156250000000e+05,4.614452734375000000e+04,-1.229702656250000000e+05,-1.320040625000000000e+05
4.543723759514000449e+03,-1.875000156250000000e+05,-1.231888906250000000e+05,-1.258339531250000000e+05,1.363123339843750000e+04,-1.875000156250000000e+05,4.619660937500000000e+04,-1.230220781250000000e+05,-1.320109218750000000e+05
4.543777702895999937e+03,-1.875000156250000000e+05,-1.232667890625000000e+05,-1.258832812500000000e+05,1.368112304687500000e+04,-1.875000156250000000e+05,4.624649609375000000e+04,-1.230324062500000000e+05,-1.319750312500000000e+05
4.543778251452999939e+03,-1.875000156250000000e+05,-1.232456875000000000e+05,-1.258316250000000000e+05,1.367148925781250000e+04,-1.875000156250000000e+05,4.623679687500000000e+04,-1.229839687500000000e+05,-1.319482031250000000e+05
4.543778657249000389e+03,-1.875000156250000000e+05,-1.231719921875000000e+05,-1.257615546875000000e+05,1.362669628906250000e+04,-1.875000156250000000e+05,4.619034765625000000e+04,-1.229436718750000000e+05,-1.319527656250000000e+05
4.543779053266000119e+03,-1.875000156250000000e+05,-1.231220156250000000e+05,-1.257513828125000000e+05,1.359196191406250000e+04,-1.875000156250000000e+05,4.615532421875000000e+04,-1.229642343750000000e+05,-1.319964375000000000e+05
4.543779553420000411e+03,-1.875000156250000000e+05,-1.231844453125000000e+05,-1.258246562500000000e+05,1.364585156250000000e+04,-1.875000156250000000e+05,4.621296875000000000e+04,-1.230143906250000000e+05,-1.320040312500000000e+05
4.543779956770999888e+03,-1.875000156250000000e+05,-1.232591875000000000e+05,-1.258720625000000000e+05,1.369243261718750000e+04,-1.875000156250000000e+05,4.625841015625000000e+04,-1.230192187500000000e+05,-1.319661718750000000e+05
4.543780480393999824e+03,-1.875000156250000000e+05,-1.232349375000000000e+05,-1.258242031250000000e+05,1.366764453125000000e+04,-1.875000156250000000e+05,4.623174609375000000e+04,-1.229765468750000000e+05,-1.319455156250000000e+05
4.543781071485999746e+03,-1.875000156250000000e+05,-1.231746718750000000e+05,-1.257704531250000000e+05,1.363163574218750000e+04,-1.875000156250000000e+05,4.619696484375000000e+04,-1.229471562500000000e+05,-1.319562500000000000e+05
4.543781534972000372e+03,-1.875000156250000000e+05,-1.231254140625000000e+05,-1.257493906250000000e+05,1.360235546875000000e+04,-1.875000156250000000e+05,4.616960546875000000e+04,-1.229531484375000000e+05,-1.319862187500000000e+05
4.543781983791000130e+03,-1.875000156250000000e+05,-1.231827656250000000e+05,-1.258191796875000000e+05,1.364687988281250000e+04,-1.875000156250000000e+05,4.621822265625000000e+04,-1.230072812500000000e+05,-1.319987031250000000e+05
4.543782541149000281e+03,-1.875000156250000000e+05,-1.232605703125000000e+05,-1.258656250000000000e+05,1.370365332031250000e+04,-1.875000156250000000e+05,4.627760937500000000e+04,-1.230144140625000000e+05,-1.319579531250000000e+05
4.543783003657000336e+03,-1.875000156250000000e+05,-1.232324531250000000e+05,-1.258078671875000000e+05,1.369124804687500000e+04,-1.875000156250000000e+05,4.626473437500000000e+04,-1.229632500000000000e+05,-1.319233750000000000e+05
4.543783480344999589e+03,-1.875000156250000000e+05,-1.231629140625000000e+05,-1.257470703125000000e+05,1.364971875000000000e+04,-1.875000156250000000e+05,4.622398828125000000e+04,-1.229299453125000000e+05,-1.319348437500000000e+05
4.543784028901000056e+03,-1.875000156250000000e+05,-1.231134296875000000e+05,-1.257300390625000000e+05,1.361902929687500000e+04,-1.875000156250000000e+05,4.619408203125000000e+04,-1.229396484375000000e+05,-1.319670937500000000e+05
4.543784486520999963e+03,-1.875000156250000000e+05,-1.231599218750000000e+05,-1.258000468750000000e+05,1.364453320312500000e+04,-1.875000156250000000e+05,4.622202343750000000e+04,-1.229968437500000000e+05,-1.319895156250000000e+05
4.543837744940999983e+03,-1.875000156250000000e+05,-1.232332343750000000e+05,-1.258586953125000000e+05,1.367846289062500000e+04,-1.875000156250000000e+05,4.625812109375000000e+04,-1.230183671875000000e+05,-1.319684062500000000e+05
4.543838239228999555e+03,-1.875000156250000000e+05,-1.232227343750000000e+05,-1.258159609375000000e+05,1.366793554687500000e+04,-1.875000156250000000e+05,4.624886718750000000e+04,-1.229789609375000000e+05,-1.319434218750000000e+05
4.543838696359000096e+03,-1.875000156250000000e+05,-1.231687734375000000e+05,-1.257567031250000000e+05,1.364104589843750000e+04,-1.875000156250000000e+05,4.622114843750000000e+04,-1.229442734375000000e+05,-1.319478750000000000e+05
4.543839148600999579e+03,-1.875000156250000000e+05,-1.231170937500000000e+05,-1.257298828125000000e+05,1.361051367187500000e+04,-1.875000156250000000e+05,4.619021484375000000e+04,-1.229462656250000000e+05,-1.319749062500000000e+05
4.543839604265000162e+03,-1.875000156250000000e+05,-1.231647031250000000e+05,-1.258045390625000000e+05,1.363541308593750000e+04,-1.875000156250000000e+05,4.621773046875000000e+04,-1.230107031250000000e+05,-1.320022656250000000e+05
4.543840146954999909e+03,-1.875000156250000000e+05,-1.232524609375000000e+05,-1.258646171875000000e+05,1.369140429687500000e+04,-1.875000156250000000e+05,4.627568750000000000e+04,-1.230278046875000000e+05,-1.319680781250000000e+05
4.543840541993999977e+03,-1.875000156250000000e+05,-1.232248515625000000e+05,-1.258173203125000000e+05,1.365765332031250000e+04,-1.875000156250000000e+05,4.624086328125000000e+04,-1.229835703125000000e+05,-1.319497656250000000e+05
4.543840934589000426e+03,-1.875000156250000000e+05,-1.231703359375000000e+05,-1.257685468750000000e+05,1.361923046875000000e+04,-1.875000156250000000e+05,4.620080859375000000e+04,-1.229610390625000000e+05,-1.319662031250000000e+05
4.543841331094999987e+03,-1.875000156250000000e+05,-1.231306406250000000e+05,-1.257559453125000000e+05,1.360291406250000000e+04,-1.875000156250000000e+05,4.618438281250000000e+04,-1.229707187500000000e+05,-1.319950156250000000e+05
4.543841739823000353e+03,-1.875000156250000000e+05,-1.231835234375000000e+05,-1.258153359375000000e+05,1.365700488281250000e+04,-1.875000156250000000e+05,4.624173437500000000e+04,-1.230105703125000000e+05,-1.319929531250000000e+05
4.543842139751999639e+03,-1.875000156250000000e+05,-1.232511171875000000e+05,-1.258615781250000000e+05,1.369361718750000000e+04,-1.875000156250000000e+05,4.628020312500000000e+04,-1.230195546875000000e+05,-1.319623750000000000e+05
4.543842538212999898e+03,-1.875000156250000000e+05,-1.232327421875000000e+05,-1.258210312500000000e+05,1.367289746093750000e+04,-1.875000156250000000e+05,4.625635546875000000e+04,-1.229783125000000000e+05,-1.319458281250000000e+05
4.543842935697000030e+03,-1.875000156250000000e+05,-1.231825234375000000e+05,-1.257735312500000000e+05,1.364223046875000000e+04,-1.875000156250000000e+05,4.622580078125000000e+04,-1.229508437500000000e+05,-1.319555312500000000e+05
4.543843331224999929e+03,-1.875000156250000000e+05,-1.231372343750000000e+05,-1.257582890625000000e+05,1.361788964843750000e+04,-1.875000156250000000e+05,4.620181640625000000e+04,-1.229546875000000000e+05,-1.319775312500000000e+05
4.543843726752999828e+03,-1.875000156250000000e+05,-1.231810703125000000e+05,-1.258300625000000000e+05,1.363648632812500000e+04,-1.875000156250000000e+05,4.622208984375000000e+04,-1.230140078125000000e+05,-1.320072500000000000e+05
4.543897741026999938e+03,-1.875000156250000000e+05,-1.232714765625000000e+05,-1.258930078125000000e+05,1.369746191406250000e+04,-1.875000156250000000e+05,4.628283984375000000e+04,-1.230332578125000000e+05,-1.319741250000000000e+05
4.543898202069000035e+03,-1.875000156250000000e+05,-1.232524140625000000e+05,-1.258431796875000000e+05,1.368496777343750000e+04,-1.875000156250000000e+05,4.626978906250000000e+04,-1.229839453125000000e+05,-1.319395781250000000e+05
4.543898644533000152e+03,-1.875000156250000000e+05,-1.231969375000000000e+05,-1.257886640625000000e+05,1.365521679687500000e+04,-1.875000156250000000e+05,4.624001562500000000e+04,-1.229539062500000000e+05,-1.319464843750000000e+05
4.543899044949999734e+03,-1.875000156250000000e+05,-1.231534218750000000e+05,-1.257635234375000000e+05,1.364111328125000000e+04,-1.875000156250000000e+05,4.622631250000000000e+04,-1.229537968750000000e+05,-1.319654218750000000e+05
4.543899439011000140e+03,-1.875000156250000000e+05,-1.231969843750000000e+05,-1.258276484375000000e+05,1.367591503906250000e+04,-1.875000156250000000e+05,4.626410937500000000e+04,-1.230023671875000000e+05,-1.319798125000000000e+05
4.543899864363000233e+03,-1.875000156250000000e+05,-1.232725937500000000e+05,-1.258883750000000000e+05,1.371625976562500000e+04,-1.875000156250000000e+05,4.630644531250000000e+04,-1.230191718750000000e+05,-1.319567343750000000e+05
4.543900351805999890e+03,-1.875000156250000000e+05,-1.232613125000000000e+05,-1.258475000000000000e+05,1.371308593750000000e+04,-1.875000156250000000e+05,4.630541796875000000e+04,-1.229773281250000000e+05,-1.319249375000000000e+05
4.543900708709999890e+03,-1.875000156250000000e+05,-1.232010078125000000e+05,-1.257860078125000000e+05,1.367803808593750000e+04,-1.875000156250000000e+05,4.627088281250000000e+04,-1.229427343750000000e+05,-1.319259843750000000e+05
4.543901070015000187e+03,-1.875000156250000000e+05,-1.231534218750000000e+05,-1.257636328125000000e+05,1.365503808593750000e+04,-1.875000156250000000e+05,4.624743750000000000e+04,-1.229492109375000000e+05,-1.319556875000000000e+05
4.543901454787000148e+03,-1.875000156250000000e+05,-1.232012968750000000e+05,-1.258264375000000000e+05,1.369571875000000000e+04,-1.875000156250000000e+05,4.628860937500000000e+04,-1.229957500000000000e+05,-1.319666250000000000e+05
4.543901841513999898e+03,-1.875000156250000000e+05,-1.232835937500000000e+05,-1.258827656250000000e+05,1.375832617187500000e+04,-1.875000156250000000e+05,4.635325000000000000e+04,-1.230062109375000000e+05,-1.319284687500000000e+05
4.543902191574000426e+03,-1.875000156250000000e+05,-1.232626484375000000e+05,-1.258260156250000000e+05,1.375421289062500000e+04,-1.875000156250000000e+05,4.634824218750000000e+04,-1.229505312500000000e+05,-1.318887500000000000e+05
4.543902555323000342e+03,-1.875000156250000000e+05,-1.231911250000000000e+05,-1.257586718750000000e+05,1.371941113281250000e+04,-1.875000156250000000e+05,4.631245703125000000e+04,-1.229146093750000000e+05,-1.318949843750000000e+05
4.543902929339000366e+03,-1.875000156250000000e+05,-1.231340859375000000e+05,-1.257330078125000000e+05,1.368460937500000000e+04,-1.875000156250000000e+05,4.627698437500000000e+04,-1.229194843750000000e+05,-1.319227968750000000e+05
4.543903330733999610e+03,-1.875000156250000000e+05,-1.231844843750000000e+05,-1.258035312500000000e+05,1.371550000000000000e+04,-1.875000156250000000e+05,4.631001953125000000e+04,-1.229784453125000000e+05,-1.319480000000000000e+05
4.543958826404999854e+03,-1.875000156250000000e+05,-1.232636093750000000e+05,-1.258610156250000000e+05,1.376214746093750000e+04,-1.875000156250000000e+05,4.635698046875000000e+04,-1.229935156250000000e+05,-1.319158437500000000e+05
4.543959211665999646e+03,-1.875000156250000000e+05,-1.232463359375000000e+05,-1.258170781250000000e+05,1.375003320312500000e+04,-1.875000156250000000e+05,4.634328125000000000e+04,-1.229502656250000000e+05,-1.318892812500000000e+05
4.543959579815000325e+03,-1.875000156250000000e+05,-1.231811093750000000e+05,-1.257544687500000000e+05,1.370915234375000000e+04,-1.875000156250000000e+05,4.630105859375000000e+04,-1.229193281250000000e+05,-1.319005468750000000e+05
4.543959990987999845e+03,-1.875000156250000000e+05,-1.231311328125000000e+05,-1.257416640625000000e+05,1.367392578125000000e+04,-1.875000156250000000e+05,4.626614453125000000e+04,-1.229317968750000000e+05,-1.319368281250000000e+05
4.543960407051000402e+03,-1.875000156250000000e+05,-1.231846640625000000e+05,-1.258182812500000000e+05,1.371465039062500000e+04,-1.875000156250000000e+05,4.631010937500000000e+04,-1.229870546875000000e+05,-1.319530312500000000e+05
4.543960757599000317e+03,-1.875000156250000000e+05,-1.232786093750000000e+05,-1.258747890625000000e+05,1.379420019531250000e+04,-1.875000156250000000e+05,4.639191796875000000e+04,-1.229937578125000000e+05,-1.319019375000000000e+05
4.543961107170000105e+03,-1.875000156250000000e+05,-1.232478125000000000e+05,-1.258063671875000000e+05,1.378389648437500000e+04,-1.875000156250000000e+05,4.638040625000000000e+04,-1.229292265625000000e+05,-1.318579843750000000e+05
4.543961524209999880e+03,-1.875000156250000000e+05,-1.231747421875000000e+05,-1.257507578125000000e+05,1.372942480468750000e+04,-1.875000156250000000e+05,4.632586718750000000e+04,-1.229046015625000000e+05,-1.318814687500000000e+05
4.543961874757999794e+03,-1.875000156250000000e+05,-1.231376406250000000e+05,-1.257377734375000000e+05,1.371230371093750000e+04,-1.875000156250000000e+05,4.630908203125000000e+04,-1.229134921875000000e+05,-1.319108750000000000e+05
4.543962226284000280e+03,-1.875000156250000000e+05,-1.231843046875000000e+05,-1.258010234375000000e+05,1.374493750000000000e+04,-1.875000156250000000e+05,4.634328125000000000e+04,-1.229630703125000000e+05,-1.319263906250000000e+05
4.543962574387999666e+03,-1.875000156250000000e+05,-1.232671406250000000e+05,-1.258618906250000000e+05,1.379887207031250000e+04,-1.875000156250000000e+05,4.639900390625000000e+04,-1.229790546875000000e+05,-1.318917656250000000e+05
4.543962979695000286e+03,-1.875000156250000000e+05,-1.232495078125000000e+05,-1.258157109375000000e+05,1.378137011718750000e+04,-1.875000156250000000e+05,4.638268750000000000e+04,-1.229378828125000000e+05,-1.318672031250000000e+05
4.543963337576999947e+03,-1.875000156250000000e+05,-1.231976328125000000e+05,-1.257567031250000000e+05,1.376123144531250000e+04,-1.875000156250000000e+05,4.636285937500000000e+04,-1.229017343750000000e+05,-1.318657031250000000e+05
4.543963693503000286e+03,-1.875000156250000000e+05,-1.231382656250000000e+05,-1.257285859375000000e+05,1.372857519531250000e+04,-1.875000156250000000e+05,4.633082812500000000e+04,-1.229031250000000000e+05,-1.318943593750000000e+05
4.543964060674000393e+03,-1.875000156250000000e+05,-1.231759062500000000e+05,-1.257904531250000000e+05,1.375546484375000000e+04,-1.875000156250000000e+05,4.636107031250000000e+04,-1.229533906250000000e+05,-1.319142031250000000e+05
4.544017911652999828e+03,-1.875000156250000000e+05,-1.232618671875000000e+05,-1.258535078125000000e+05,1.382017285156250000e+04,-1.875000156250000000e+05,4.642922265625000000e+04,-1.229687734375000000e+05,-1.318797343750000000e+05
4.544018399096000394e+03,-1.875000156250000000e+05,-1.232438750000000000e+05,-1.258004687500000000e+05,1.381556835937500000e+04,-1.875000156250000000e+05,4.642285156250000000e+04,-1.229149453125000000e+05,-1.318380468750000000e+05
4.544018907562000095e+03,-1.875000156250000000e+05,-1.231725078125000000e+05,-1.257365859375000000e+05,1.375935351562500000e+04,-1.875000156250000000e+05,4.636433593750000000e+04,-1.228838593750000000e+05,-1.318518906250000000e+05
4.544019431185000030e+03,-1.875000156250000000e+05,-1.231215000000000000e+05,-1.257305937500000000e+05,1.370828027343750000e+04,-1.875000156250000000e+05,4.631413281250000000e+04,-1.229088203125000000e+05,-1.319077031250000000e+05
4.544019898581999769e+03,-1.875000156250000000e+05,-1.231818750000000000e+05,-1.258076015625000000e+05,1.374992187500000000e+04,-1.875000156250000000e+05,4.635827734375000000e+04,-1.229661796875000000e+05,-1.319248281250000000e+05
4.544020434916999875e+03,-1.875000156250000000e+05,-1.232672109375000000e+05,-1.258640156250000000e+05,1.380423632812500000e+04,-1.875000156250000000e+05,4.641614843750000000e+04,-1.229804609375000000e+05,-1.318883750000000000e+05
4.544020839245000388e+03,-1.875000156250000000e+05,-1.232587421875000000e+05,-1.258193750000000000e+05,1.380944433593750000e+04,-1.875000156250000000e+05,4.642318750000000000e+04,-1.229329843750000000e+05,-1.318507656250000000e+05
4.544021238684000309e+03,-1.875000156250000000e+05,-1.231962031250000000e+05,-1.257484296875000000e+05,1.377976074218750000e+04,-1.875000156250000000e+05,4.639439843750000000e+04,-1.228859609375000000e+05,-1.318420156250000000e+05
4.544021641057000124e+03,-1.875000156250000000e+05,-1.231405000000000000e+05,-1.257271953125000000e+05,1.374518261718750000e+04,-1.875000156250000000e+05,4.635852343750000000e+04,-1.228901171875000000e+05,-1.318787968750000000e+05
4.544022102099000222e+03,-1.875000156250000000e+05,-1.231831875000000000e+05,-1.257879296875000000e+05,1.378405273437500000e+04,-1.875000156250000000e+05,4.639904687500000000e+04,-1.229378828125000000e+05,-1.318924062500000000e+05
4.544022498115999952e+03,-1.875000156250000000e+05,-1.232547421875000000e+05,-1.258410156250000000e+05,1.382748242187500000e+04,-1.875000156250000000e+05,4.644361718750000000e+04,-1.229509531250000000e+05,-1.318613593750000000e+05
4.544022890221999660e+03,-1.875000156250000000e+05,-1.232273593750000000e+05,-1.258016953125000000e+05,1.378626562500000000e+04,-1.875000156250000000e+05,4.640096875000000000e+04,-1.229181875000000000e+05,-1.318519062500000000e+05
4.544023302372999751e+03,-1.875000156250000000e+05,-1.231827890625000000e+05,-1.257588906250000000e+05,1.375244726562500000e+04,-1.875000156250000000e+05,4.637103906250000000e+04,-1.228984296875000000e+05,-1.318699531250000000e+05
4.544023752658999911e+03,-1.875000156250000000e+05,-1.231454843750000000e+05,-1.257341953125000000e+05,1.374212109375000000e+04,-1.875000156250000000e+05,4.636149609375000000e+04,-1.228942968750000000e+05,-1.318841250000000000e+05
4.544024172632999580e+03,-1.875000156250000000e+05,-1.231746953125000000e+05,-1.257900781250000000e+05,1.375141894531250000e+04,-1.875000156250000000e+05,4.637208984375000000e+04,-1.229446718750000000e+05,-1.319079062500000000e+05
4.544077647639000133e+03,-1.875000156250000000e+05,-1.232550937500000000e+05,-1.258600390625000000e+05,1.377967187500000000e+04,-1.875000156250000000e+05,4.640280078125000000e+04,-1.229786718750000000e+05,-1.319000156250000000e+05
4.544078081302000101e+03,-1.875000156250000000e+05,-1.232537812500000000e+05,-1.258309765625000000e+05,1.376740039062500000e+04,-1.875000156250000000e+05,4.639124609375000000e+04,-1.229456562500000000e+05,-1.318814218750000000e+05
4.544078498341999875e+03,-1.875000156250000000e+05,-1.232016093750000000e+05,-1.257721953125000000e+05,1.374529492187500000e+04,-1.875000156250000000e+05,4.636764453125000000e+04,-1.229099609375000000e+05,-1.318787968750000000e+05
4.544079287442999885e+03,-1.875000156250000000e+05,-1.231454843750000000e+05,-1.257402109375000000e+05,1.372193750000000000e+04,-1.875000156250000000e+05,4.634323437500000000e+04,-1.229039531250000000e+05,-1.318987812500000000e+05
4.544079790531000071e+03,-1.875000156250000000e+05,-1.231828359375000000e+05,-1.257984531250000000e+05,1.375651562500000000e+04,-1.875000156250000000e+05,4.638083203125000000e+04,-1.229513828125000000e+05,-1.319135312500000000e+05
4.544080271619000087e+03,-1.875000156250000000e+05,-1.232577343750000000e+05,-1.258520312500000000e+05,1.380638183593750000e+04,-1.875000156250000000e+05,4.643259765625000000e+04,-1.229673828125000000e+05,-1.318810312500000000e+05
4.544080651012999624e+03,-1.875000156250000000e+05,-1.232322265625000000e+05,-1.258028828125000000e+05,1.378637695312500000e+04,-1.875000156250000000e+05,4.641044531250000000e+04,-1.229222343750000000e+05,-1.318556406250000000e+05
4.544081064142000287e+03,-1.875000156250000000e+05,-1.231710078125000000e+05,-1.257451015625000000e+05,1.375054687500000000e+04,-1.875000156250000000e+05,4.637318750000000000e+04,-1.228916093750000000e+05,-1.318707500000000000e+05
4.544081477269999596e+03,-1.875000156250000000e+05,-1.231215000000000000e+05,-1.257079765625000000e+05,1.374102539062500000e+04,-1.875000156250000000e+05,4.636339843750000000e+04,-1.228814218750000000e+05,-1.318826718750000000e+05
4.544081861065000339e+03,-1.875000156250000000e+05,-1.231396953125000000e+05,-1.257578437500000000e+05,1.374645703125000000e+04,-1.875000156250000000e+05,4.636978906250000000e+04,-1.229294531250000000e+05,-1.319087343750000000e+05
4.544082243392000237e+03,-1.875000156250000000e+05,-1.232082890625000000e+05,-1.258299062500000000e+05,1.375852734375000000e+04,-1.875000156250000000e+05,4.638286328125000000e+04,-1.229700703125000000e+05,-1.319113437500000000e+05
4.544082692210999994e+03,-1.875000156250000000e+05,-1.232136328125000000e+05,-1.258040859375000000e+05,1.375099414062500000e+04,-1.875000156250000000e+05,4.637602343750000000e+04,-1.229430234375000000e+05,-1.318937812500000000e+05
4.544083071605000441e+03,-1.875000156250000000e+05,-1.231633203125000000e+05,-1.257413515625000000e+05,1.372908984375000000e+04,-1.875000156250000000e+05,4.635501562500000000e+04,-1.229040156250000000e+05,-1.318921406250000000e+05
4.544083446110000295e+03,-1.875000156250000000e+05,-1.231047109375000000e+05,-1.257054921875000000e+05,1.370090429687500000e+04,-1.875000156250000000e+05,4.632857421875000000e+04,-1.228998593750000000e+05,-1.319124218750000000e+05
4.544083818660000361e+03,-1.875000156250000000e+05,-1.231419062500000000e+05,-1.257592734375000000e+05,1.374433398437500000e+04,-1.875000156250000000e+05,4.637665234375000000e+04,-1.229411250000000000e+05,-1.319184687500000000e+05
4.544137707283999589e+03,-1.875000156250000000e+05,-1.231973828125000000e+05,-1.258053203125000000e+05,1.376840625000000000e+04,-1.875000156250000000e+05,4.640217578125000000e+04,-1.229564765625000000e+05,-1.318967656250000000e+05
4.544138239218000308e+03,-1.875000156250000000e+05,-1.231719921875000000e+05,-1.257686640625000000e+05,1.372897753906250000e+04,-1.875000156250000000e+05,4.635975390625000000e+04,-1.229309531250000000e+05,-1.318968906250000000e+05
4.544138743284000157e+03,-1.875000156250000000e+05,-1.231257265625000000e+05,-1.257213906250000000e+05,1.369851269531250000e+04,-1.875000156250000000e+05,4.632904296875000000e+04,-1.229069218750000000e+05,-1.319108750000000000e+05
4.544139199436999661e+03,-1.875000156250000000e+05,-1.230786718750000000e+05,-1.256916171875000000e+05,1.367911132812500000e+04,-1.875000156250000000e+05,4.631140625000000000e+04,-1.229052500000000000e+05,-1.319298281250000000e+05
4.544139715235999574e+03,-1.875000156250000000e+05,-1.231152187500000000e+05,-1.257423281250000000e+05,1.371666210937500000e+04,-1.875000156250000000e+05,4.635090234375000000e+04,-1.229472421875000000e+05,-1.319385625000000000e+05
4.544140254992999871e+03,-1.875000156250000000e+05,-1.231803046875000000e+05,-1.257953281250000000e+05,1.374844628906250000e+04,-1.875000156250000000e+05,4.638167968750000000e+04,-1.229662187500000000e+05,-1.319204375000000000e+05
4.544140707722999650e+03,-1.875000156250000000e+05,-1.231664062500000000e+05,-1.257566171875000000e+05,1.373112402343750000e+04,-1.875000156250000000e+05,4.636283593750000000e+04,-1.229320937500000000e+05,-1.319022968750000000e+05
4.544141284147999613e+03,-1.875000156250000000e+05,-1.231039296875000000e+05,-1.256945234375000000e+05,1.368997363281250000e+04,-1.875000156250000000e+05,4.632202343750000000e+04,-1.229000390625000000e+05,-1.319140937500000000e+05
4.544141745679000451e+03,-1.875000156250000000e+05,-1.230500156250000000e+05,-1.256684375000000000e+05,1.366017968750000000e+04,-1.875000156250000000e+05,4.629236328125000000e+04,-1.229044453125000000e+05,-1.319451250000000000e+05
4.544142195475999870e+03,-1.875000156250000000e+05,-1.230788046875000000e+05,-1.257195781250000000e+05,1.368510156250000000e+04,-1.875000156250000000e+05,4.631746484375000000e+04,-1.229464218750000000e+05,-1.319597187500000000e+05
4.544142761633999726e+03,-1.875000156250000000e+05,-1.231517890625000000e+05,-1.257841093750000000e+05,1.371719824218750000e+04,-1.875000156250000000e+05,4.634935937500000000e+04,-1.229733984375000000e+05,-1.319447656250000000e+05
4.544143224141999781e+03,-1.875000156250000000e+05,-1.231402734375000000e+05,-1.257489218750000000e+05,1.369956347656250000e+04,-1.875000156250000000e+05,4.633248437500000000e+04,-1.229402265625000000e+05,-1.319257187500000000e+05
4.544143687628999942e+03,-1.875000156250000000e+05,-1.230829843750000000e+05,-1.256864062500000000e+05,1.367146679687500000e+04,-1.875000156250000000e+05,4.630675781250000000e+04,-1.229007109375000000e+05,-1.319244062500000000e+05
4.544144284099000288e+03,-1.875000156250000000e+05,-1.230279609375000000e+05,-1.256569687500000000e+05,1.364531542968750000e+04,-1.875000156250000000e+05,4.628339843750000000e+04,-1.229005078125000000e+05,-1.319495937500000000e+05
4.544144744651999645e+03,-1.875000156250000000e+05,-1.230553359375000000e+05,-1.257091640625000000e+05,1.365798828125000000e+04,-1.875000156250000000e+05,4.629785937500000000e+04,-1.229464843750000000e+05,-1.319697500000000000e+05
4.544197888665000391e+03,-1.875000156250000000e+05,-1.231369687500000000e+05,-1.257800859375000000e+05,1.370260253906250000e+04,-1.875000156250000000e+05,4.634307812500000000e+04,-1.229762109375000000e+05,-1.319506562500000000e+05
4.544198369751999962e+03,-1.875000156250000000e+05,-1.231212734375000000e+05,-1.257380859375000000e+05,1.367721093750000000e+04,-1.875000156250000000e+05,4.631820312500000000e+04,-1.229372968750000000e+05,-1.319268125000000000e+05
4.544198919286999626e+03,-1.875000156250000000e+05,-1.230731953125000000e+05,-1.256911015625000000e+05,1.364026367187500000e+04,-1.875000156250000000e+05,4.628174609375000000e+04,-1.229172031250000000e+05,-1.319463906250000000e+05
4.544199384728999576e+03,-1.875000156250000000e+05,-1.230373437500000000e+05,-1.256713203125000000e+05,1.362410351562500000e+04,-1.875000156250000000e+05,4.626553906250000000e+04,-1.229190156250000000e+05,-1.319670312500000000e+05
4.544199840881999990e+03,-1.875000156250000000e+05,-1.230684140625000000e+05,-1.257243593750000000e+05,1.364661132812500000e+04,-1.875000156250000000e+05,4.628957031250000000e+04,-1.229612343750000000e+05,-1.319836562500000000e+05
4.544200480864999918e+03,-1.875000156250000000e+05,-1.231384218750000000e+05,-1.257828984375000000e+05,1.368054199218750000e+04,-1.875000156250000000e+05,4.632443750000000000e+04,-1.229858906250000000e+05,-1.319687500000000000e+05
4.544200950219000333e+03,-1.875000156250000000e+05,-1.231285156250000000e+05,-1.257492812500000000e+05,1.366230273437500000e+04,-1.875000156250000000e+05,4.630387500000000000e+04,-1.229547812500000000e+05,-1.319542656250000000e+05
4.544201429349999671e+03,-1.875000156250000000e+05,-1.230836562500000000e+05,-1.256988359375000000e+05,1.364922656250000000e+04,-1.875000156250000000e+05,4.628921093750000000e+04,-1.229243593750000000e+05,-1.319531718750000000e+05
4.544201967639999566e+03,-1.875000156250000000e+05,-1.230246484375000000e+05,-1.256614843750000000e+05,1.362097460937500000e+04,-1.875000156250000000e+05,4.626010937500000000e+04,-1.229138984375000000e+05,-1.319717343750000000e+05
4.544202426726000340e+03,-1.875000156250000000e+05,-1.230445390625000000e+05,-1.257204687500000000e+05,1.361295019531250000e+04,-1.875000156250000000e+05,4.625349218750000000e+04,-1.229735781250000000e+05,-1.320141250000000000e+05
4.544202916125000229e+03,-1.875000156250000000e+05,-1.231392500000000000e+05,-1.258036640625000000e+05,1.365479199218750000e+04,-1.875000156250000000e+05,4.629759375000000000e+04,-1.230189062500000000e+05,-1.320065156250000000e+05
4.544203452458999891e+03,-1.875000156250000000e+05,-1.231388203125000000e+05,-1.257729765625000000e+05,1.363688867187500000e+04,-1.875000156250000000e+05,4.627926562500000000e+04,-1.229860000000000000e+05,-1.319802500000000000e+05
4.544203908612000305e+03,-1.875000156250000000e+05,-1.230857578125000000e+05,-1.257269296875000000e+05,1.359037500000000000e+04,-1.875000156250000000e+05,4.623091796875000000e+04,-1.229624453125000000e+05,-1.319982031250000000e+05
4.544204426367999986e+03,-1.875000156250000000e+05,-1.230450156250000000e+05,-1.257134531250000000e+05,1.355300292968750000e+04,-1.875000156250000000e+05,4.619128906250000000e+04,-1.229741328125000000e+05,-1.320392656250000000e+05
4.544204942657000174e+03,-1.875000156250000000e+05,-1.230884609375000000e+05,-1.257856250000000000e+05,1.355747265625000000e+04,-1.875000156250000000e+05,4.619605078125000000e+04,-1.230386640625000000e+05,-1.320772812500000000e+05
4.544258883104000233e+03,-1.875000156250000000e+05,-1.231890000000000000e+05,-1.258697578125000000e+05,1.360917285156250000e+04,-1.875000156250000000e+05,4.625018359375000000e+04,-1.230751640625000000e+05,-1.320593437500000000e+05
4.544259390592000273e+03,-1.875000156250000000e+05,-1.231993750000000000e+05,-1.258349765625000000e+05,1.362654003906250000e+04,-1.875000156250000000e+05,4.626842578125000000e+04,-1.230272890625000000e+05,-1.320128437500000000e+05
4.544259940615999767e+03,-1.875000156250000000e+05,-1.231423281250000000e+05,-1.257663593750000000e+05,1.360389746093750000e+04,-1.875000156250000000e+05,4.624519921875000000e+04,-1.229781562500000000e+05,-1.320018906250000000e+05
4.544260465215999830e+03,-1.875000156250000000e+05,-1.230821406250000000e+05,-1.257346171875000000e+05,1.355566210937500000e+04,-1.875000156250000000e+05,4.619727734375000000e+04,-1.229770390625000000e+05,-1.320362968750000000e+05
4.544260945813999570e+03,-1.875000156250000000e+05,-1.231249218750000000e+05,-1.258050937500000000e+05,1.357665039062500000e+04,-1.875000156250000000e+05,4.622325000000000000e+04,-1.230402968750000000e+05,-1.320690156250000000e+05
4.544261483125999803e+03,-1.875000156250000000e+05,-1.232178359375000000e+05,-1.258766171875000000e+05,1.363950390625000000e+04,-1.875000156250000000e+05,4.628871875000000000e+04,-1.230680546875000000e+05,-1.320358750000000000e+05
4.544261940745999709e+03,-1.875000156250000000e+05,-1.232015390625000000e+05,-1.258278281250000000e+05,1.362166699218750000e+04,-1.875000156250000000e+05,4.626918359375000000e+04,-1.230206953125000000e+05,-1.320025468750000000e+05
4.544262415477000104e+03,-1.875000156250000000e+05,-1.231458437500000000e+05,-1.257758828125000000e+05,1.358570312500000000e+04,-1.875000156250000000e+05,4.623364453125000000e+04,-1.229963281250000000e+05,-1.320201093750000000e+05
4.544262943988999723e+03,-1.875000156250000000e+05,-1.230999062500000000e+05,-1.257518984375000000e+05,1.356078125000000000e+04,-1.875000156250000000e+05,4.620782812500000000e+04,-1.229942734375000000e+05,-1.320424687500000000e+05
4.544263402098000370e+03,-1.875000156250000000e+05,-1.231320468750000000e+05,-1.258139453125000000e+05,1.357361132812500000e+04,-1.875000156250000000e+05,4.621978515625000000e+04,-1.230492578125000000e+05,-1.320711406250000000e+05
4.544263886607000131e+03,-1.875000156250000000e+05,-1.232253046875000000e+05,-1.258879062500000000e+05,1.362826074218750000e+04,-1.875000156250000000e+05,4.627729687500000000e+04,-1.230804843750000000e+05,-1.320482031250000000e+05
4.544264434185999562e+03,-1.875000156250000000e+05,-1.232190234375000000e+05,-1.258491718750000000e+05,1.361623535156250000e+04,-1.875000156250000000e+05,4.626536328125000000e+04,-1.230401875000000000e+05,-1.320181718750000000e+05
4.544264892784000040e+03,-1.875000156250000000e+05,-1.231714296875000000e+05,-1.257896953125000000e+05,1.360217675781250000e+04,-1.875000156250000000e+05,4.625123437500000000e+04,-1.230018046875000000e+05,-1.320143437500000000e+05
4.544265379737999865e+03,-1.875000156250000000e+05,-1.231126484375000000e+05,-1.257523437500000000e+05,1.357772363281250000e+04,-1.875000156250000000e+05,4.622738671875000000e+04,-1.229922421875000000e+05,-1.320316250000000000e+05
4.544265916072000437e+03,-1.875000156250000000e+05,-1.231358750000000000e+05,-1.258095390625000000e+05,1.358825097656250000e+04,-1.875000156250000000e+05,4.623903125000000000e+04,-1.230449218750000000e+05,-1.320580156250000000e+05
4.544318685090999679e+03,-1.875000156250000000e+05,-1.232202734375000000e+05,-1.258860078125000000e+05,1.363483203125000000e+04,-1.875000156250000000e+05,4.628700000000000000e+04,-1.230787421875000000e+05,-1.320416718750000000e+05
4.544319195512999613e+03,-1.875000156250000000e+05,-1.232179218750000000e+05,-1.258483437500000000e+05,1.363800585937500000e+04,-1.875000156250000000e+05,4.629160156250000000e+04,-1.230314687500000000e+05,-1.320042187500000000e+05
4.544319708867999907e+03,-1.875000156250000000e+05,-1.231571484375000000e+05,-1.257801250000000000e+05,1.359862207031250000e+04,-1.875000156250000000e+05,4.625355859375000000e+04,-1.229911250000000000e+05,-1.320067500000000000e+05
4.544320237869000266e+03,-1.875000156250000000e+05,-1.231087343750000000e+05,-1.257548281250000000e+05,1.356929687500000000e+04,-1.875000156250000000e+05,4.622716406250000000e+04,-1.229950312500000000e+05,-1.320381406250000000e+05
4.544320775670000330e+03,-1.875000156250000000e+05,-1.231414609375000000e+05,-1.258107500000000000e+05,1.358932421875000000e+04,-1.875000156250000000e+05,4.625101171875000000e+04,-1.230424843750000000e+05,-1.320559843750000000e+05
4.544321242578999772e+03,-1.875000156250000000e+05,-1.232239843750000000e+05,-1.258828593750000000e+05,1.362803710937500000e+04,-1.875000156250000000e+05,4.629153515625000000e+04,-1.230764375000000000e+05,-1.320416093750000000e+05
4.544321698243000355e+03,-1.875000156250000000e+05,-1.232270468750000000e+05,-1.258521015625000000e+05,1.361934277343750000e+04,-1.875000156250000000e+05,4.628290625000000000e+04,-1.230419687500000000e+05,-1.320163750000000000e+05
4.544322257066999555e+03,-1.875000156250000000e+05,-1.231740078125000000e+05,-1.257938515625000000e+05,1.358532324218750000e+04,-1.875000156250000000e+05,4.624828515625000000e+04,-1.230048671875000000e+05,-1.320185000000000000e+05
4.544322724953000034e+03,-1.875000156250000000e+05,-1.231221484375000000e+05,-1.257667812500000000e+05,1.355282421875000000e+04,-1.875000156250000000e+05,4.621326171875000000e+04,-1.230052734375000000e+05,-1.320477343750000000e+05
4.544323180616999707e+03,-1.875000156250000000e+05,-1.231573281250000000e+05,-1.258263281250000000e+05,1.357472851562500000e+04,-1.875000156250000000e+05,4.623639453125000000e+04,-1.230553125000000000e+05,-1.320735781250000000e+05
4.544323742864000451e+03,-1.875000156250000000e+05,-1.232449296875000000e+05,-1.258981875000000000e+05,1.362691992187500000e+04,-1.875000156250000000e+05,4.629196093750000000e+04,-1.230836562500000000e+05,-1.320480468750000000e+05
4.544324226394999641e+03,-1.875000156250000000e+05,-1.232377265625000000e+05,-1.258627656250000000e+05,1.361728613281250000e+04,-1.875000156250000000e+05,4.627993359375000000e+04,-1.230417031250000000e+05,-1.320198593750000000e+05
4.544324693303999993e+03,-1.875000156250000000e+05,-1.231744921875000000e+05,-1.257997343750000000e+05,1.356909570312500000e+04,-1.875000156250000000e+05,4.622991015625000000e+04,-1.230092734375000000e+05,-1.320308437500000000e+05
4.544325240883000333e+03,-1.875000156250000000e+05,-1.231269765625000000e+05,-1.257860937500000000e+05,1.352834863281250000e+04,-1.875000156250000000e+05,4.619110937500000000e+04,-1.230250546875000000e+05,-1.320737031250000000e+05
4.544325706325999818e+03,-1.875000156250000000e+05,-1.231730234375000000e+05,-1.258518984375000000e+05,1.356243457031250000e+04,-1.875000156250000000e+05,4.622946484375000000e+04,-1.230776875000000000e+05,-1.320891718750000000e+05
4.544377861762999601e+03,-1.875000156250000000e+05,-1.232644140625000000e+05,-1.259172343750000000e+05,1.362877539062500000e+04,-1.875000156250000000e+05,4.629602734375000000e+04,-1.230951015625000000e+05,-1.320521406250000000e+05
4.544378348717000335e+03,-1.875000156250000000e+05,-1.232609765625000000e+05,-1.258727968750000000e+05,1.363396093750000000e+04,-1.875000156250000000e+05,4.630195312500000000e+04,-1.230455468750000000e+05,-1.320104375000000000e+05
4.544378896784999597e+03,-1.875000156250000000e+05,-1.231938750000000000e+05,-1.258025703125000000e+05,1.359515820312500000e+04,-1.875000156250000000e+05,4.626341796875000000e+04,-1.230047578125000000e+05,-1.320139687500000000e+05
4.544379355871000371e+03,-1.875000156250000000e+05,-1.231319843750000000e+05,-1.257748750000000000e+05,1.355937304687500000e+04,-1.875000156250000000e+05,4.622485937500000000e+04,-1.230056484375000000e+05,-1.320440468750000000e+05
4.544379812512999706e+03,-1.875000156250000000e+05,-1.231706718750000000e+05,-1.258389609375000000e+05,1.358758105468750000e+04,-1.875000156250000000e+05,4.625485546875000000e+04,-1.230595390625000000e+05,-1.320682343750000000e+05
4.544380433917999653e+03,-1.875000156250000000e+05,-1.232563671875000000e+05,-1.259046015625000000e+05,1.365018750000000000e+04,-1.875000156250000000e+05,4.631951953125000000e+04,-1.230779843750000000e+05,-1.320325781250000000e+05
4.544380898870999772e+03,-1.875000156250000000e+05,-1.232455312500000000e+05,-1.258634765625000000e+05,1.363930273437500000e+04,-1.875000156250000000e+05,4.630740625000000000e+04,-1.230349765625000000e+05,-1.320020000000000000e+05
4.544381365291000293e+03,-1.875000156250000000e+05,-1.231833906250000000e+05,-1.258021875000000000e+05,1.359911425781250000e+04,-1.875000156250000000e+05,4.626840234375000000e+04,-1.230031250000000000e+05,-1.320113281250000000e+05
4.544381910914000400e+03,-1.875000156250000000e+05,-1.231342656250000000e+05,-1.257773125000000000e+05,1.357662792968750000e+04,-1.875000156250000000e+05,4.624871093750000000e+04,-1.230060312500000000e+05,-1.320388125000000000e+05
4.544382365112000116e+03,-1.875000156250000000e+05,-1.231613281250000000e+05,-1.258256171875000000e+05,1.360054492187500000e+04,-1.875000156250000000e+05,4.627392187500000000e+04,-1.230449453125000000e+05,-1.320530781250000000e+05
4.544382849620999878e+03,-1.875000156250000000e+05,-1.232354453125000000e+05,-1.258991953125000000e+05,1.363013867187500000e+04,-1.875000156250000000e+05,4.630087890625000000e+04,-1.230811328125000000e+05,-1.320449843750000000e+05
4.544383389378000174e+03,-1.875000156250000000e+05,-1.232378437500000000e+05,-1.258807578125000000e+05,1.361207812500000000e+04,-1.875000156250000000e+05,4.628004687500000000e+04,-1.230575078125000000e+05,-1.320339843750000000e+05
4.544383849931000441e+03,-1.875000156250000000e+05,-1.231893828125000000e+05,-1.258247421875000000e+05,1.359547070312500000e+04,-1.875000156250000000e+05,4.626109375000000000e+04,-1.230175156250000000e+05,-1.320273750000000000e+05
4.544384352529999887e+03,-1.875000156250000000e+05,-1.231314921875000000e+05,-1.257892734375000000e+05,1.356733007812500000e+04,-1.875000156250000000e+05,4.623243750000000000e+04,-1.230070625000000000e+05,-1.320476718750000000e+05
4.544384875663999992e+03,-1.875000156250000000e+05,-1.231560546875000000e+05,-1.258461328125000000e+05,1.357926562500000000e+04,-1.875000156250000000e+05,4.624607031250000000e+04,-1.230584218750000000e+05,-1.320750937500000000e+05
4.544437651528000060e+03,-1.875000156250000000e+05,-1.232463828125000000e+05,-1.259231093750000000e+05,1.363239648437500000e+04,-1.875000156250000000e+05,4.630094531250000000e+04,-1.230943203125000000e+05,-1.320566093750000000e+05
4.544438197639999999e+03,-1.875000156250000000e+05,-1.232429609375000000e+05,-1.258818750000000000e+05,1.362019238281250000e+04,-1.875000156250000000e+05,4.628748828125000000e+04,-1.230515156250000000e+05,-1.320233906250000000e+05
4.544438663081999948e+03,-1.875000156250000000e+05,-1.231852031250000000e+05,-1.258215468750000000e+05,1.357812597656250000e+04,-1.875000156250000000e+05,4.624875390625000000e+04,-1.230222578125000000e+05,-1.320377656250000000e+05
4.544439116300999558e+03,-1.875000156250000000e+05,-1.231366328125000000e+05,-1.257948125000000000e+05,1.355400878906250000e+04,-1.875000156250000000e+05,4.622805859375000000e+04,-1.230237109375000000e+05,-1.320623281250000000e+05
4.544439677080999900e+03,-1.875000156250000000e+05,-1.231672968750000000e+05,-1.258453515625000000e+05,1.357796972656250000e+04,-1.875000156250000000e+05,4.625324609375000000e+04,-1.230670546875000000e+05,-1.320767968750000000e+05
4.544440227105000304e+03,-1.875000156250000000e+05,-1.232531328125000000e+05,-1.259221953125000000e+05,1.362835058593750000e+04,-1.875000156250000000e+05,4.630519140625000000e+04,-1.231020546875000000e+05,-1.320604062500000000e+05
4.544440628989000288e+03,-1.875000156250000000e+05,-1.232483671875000000e+05,-1.258801718750000000e+05,1.363507812500000000e+04,-1.875000156250000000e+05,4.631087109375000000e+04,-1.230529218750000000e+05,-1.320145937500000000e+05
4.544441135009999925e+03,-1.875000156250000000e+05,-1.231812421875000000e+05,-1.258141484375000000e+05,1.359124609375000000e+04,-1.875000156250000000e+05,4.626650000000000000e+04,-1.230157734375000000e+05,-1.320240468750000000e+05
4.544441536405000079e+03,-1.875000156250000000e+05,-1.231323828125000000e+05,-1.257887812500000000e+05,1.356109375000000000e+04,-1.875000156250000000e+05,4.623648437500000000e+04,-1.230189921875000000e+05,-1.320567187500000000e+05
4.544441936334000275e+03,-1.875000156250000000e+05,-1.231641718750000000e+05,-1.258455546875000000e+05,1.358735742187500000e+04,-1.875000156250000000e+05,4.626442187500000000e+04,-1.230682109375000000e+05,-1.320749375000000000e+05
4.544442395420000139e+03,-1.875000156250000000e+05,-1.232573125000000000e+05,-1.259146875000000000e+05,1.365240039062500000e+04,-1.875000156250000000e+05,4.633259765625000000e+04,-1.230924687500000000e+05,-1.320417656250000000e+05
4.544442852551000215e+03,-1.875000156250000000e+05,-1.232542656250000000e+05,-1.258766015625000000e+05,1.365161816406250000e+04,-1.875000156250000000e+05,4.633062890625000000e+04,-1.230472734375000000e+05,-1.320021562500000000e+05
4.544443254922999586e+03,-1.875000156250000000e+05,-1.231852890625000000e+05,-1.258143671875000000e+05,1.360246679687500000e+04,-1.875000156250000000e+05,4.628071875000000000e+04,-1.230134296875000000e+05,-1.320119531250000000e+05
4.544443690541999786e+03,-1.875000156250000000e+05,-1.231366953125000000e+05,-1.257936718750000000e+05,1.357660644531250000e+04,-1.875000156250000000e+05,4.625610937500000000e+04,-1.230176796875000000e+05,-1.320440312500000000e+05
4.544444173584999589e+03,-1.875000156250000000e+05,-1.231791640625000000e+05,-1.258516562500000000e+05,1.361878417968750000e+04,-1.875000156250000000e+05,4.630074609375000000e+04,-1.230626484375000000e+05,-1.320557187500000000e+05
4.544497815796999930e+03,-1.875000156250000000e+05,-1.232625390625000000e+05,-1.259201640625000000e+05,1.366603515625000000e+04,-1.875000156250000000e+05,4.634893359375000000e+04,-1.230868359375000000e+05,-1.320299687500000000e+05
4.544498241637999854e+03,-1.875000156250000000e+05,-1.232714765625000000e+05,-1.258914140625000000e+05,1.367962500000000000e+04,-1.875000156250000000e+05,4.636189843750000000e+04,-1.230445390625000000e+05,-1.319939531250000000e+05
4.544498694367999633e+03,-1.875000156250000000e+05,-1.232085625000000000e+05,-1.258223046875000000e+05,1.364647753906250000e+04,-1.875000156250000000e+05,4.632937890625000000e+04,-1.230000625000000000e+05,-1.319896406250000000e+05
4.544499160299000323e+03,-1.875000156250000000e+05,-1.231536640625000000e+05,-1.257957734375000000e+05,1.362251660156250000e+04,-1.875000156250000000e+05,4.630501562500000000e+04,-1.230020781250000000e+05,-1.320169843750000000e+05
4.544499567560999822e+03,-1.875000156250000000e+05,-1.231833671875000000e+05,-1.258471406250000000e+05,1.365318359375000000e+04,-1.875000156250000000e+05,4.633697656250000000e+04,-1.230458203125000000e+05,-1.320299062500000000e+05
4.544499994378999872e+03,-1.875000156250000000e+05,-1.232717031250000000e+05,-1.259201406250000000e+05,1.370760937500000000e+04,-1.875000156250000000e+05,4.639491406250000000e+04,-1.230756796875000000e+05,-1.320070781250000000e+05
4.544500534136000169e+03,-1.875000156250000000e+05,-1.232685078125000000e+05,-1.258792343750000000e+05,1.370548632812500000e+04,-1.875000156250000000e+05,4.639334765625000000e+04,-1.230322500000000000e+05,-1.319686718750000000e+05
4.544500939442000345e+03,-1.875000156250000000e+05,-1.232041796875000000e+05,-1.258185703125000000e+05,1.365888281250000000e+04,-1.875000156250000000e+05,4.634759375000000000e+04,-1.230041953125000000e+05,-1.319833437500000000e+05
4.544501341326000329e+03,-1.875000156250000000e+05,-1.231641718750000000e+05,-1.257900078125000000e+05,1.365255761718750000e+04,-1.875000156250000000e+05,4.634330078125000000e+04,-1.229990546875000000e+05,-1.319960625000000000e+05
4.544501832191999711e+03,-1.875000156250000000e+05,-1.231869687500000000e+05,-1.258295468750000000e+05,1.367560156250000000e+04,-1.875000156250000000e+05,4.636744140625000000e+04,-1.230348671875000000e+05,-1.320072343750000000e+05
4.544502239942000415e+03,-1.875000156250000000e+05,-1.232643046875000000e+05,-1.258989062500000000e+05,1.372354687500000000e+04,-1.875000156250000000e+05,4.641404687500000000e+04,-1.230633828125000000e+05,-1.319843281250000000e+05
4.544502637425999637e+03,-1.875000156250000000e+05,-1.232577578125000000e+05,-1.258672109375000000e+05,1.371558886718750000e+04,-1.875000156250000000e+05,4.640485937500000000e+04,-1.230253906250000000e+05,-1.319562968750000000e+05
4.544503123892000076e+03,-1.875000156250000000e+05,-1.231953046875000000e+05,-1.258025703125000000e+05,1.367370214843750000e+04,-1.875000156250000000e+05,4.636321875000000000e+04,-1.229868515625000000e+05,-1.319591718750000000e+05
4.544503529687000082e+03,-1.875000156250000000e+05,-1.231435156250000000e+05,-1.257734687500000000e+05,1.364240917968750000e+04,-1.875000156250000000e+05,4.633292968750000000e+04,-1.229856484375000000e+05,-1.319847968750000000e+05
4.544503933037000024e+03,-1.875000156250000000e+05,-1.231762421875000000e+05,-1.258317343750000000e+05,1.366795800781250000e+04,-1.875000156250000000e+05,4.635982031250000000e+04,-1.230325625000000000e+05,-1.320057656250000000e+05
4.544558616627000447e+03,-1.875000156250000000e+05,-1.232696953125000000e+05,-1.258987500000000000e+05,1.374189746093750000e+04,-1.875000156250000000e+05,4.643697656250000000e+04,-1.230516718750000000e+05,-1.319641562500000000e+05
4.544559052245999737e+03,-1.875000156250000000e+05,-1.232520078125000000e+05,-1.258496406250000000e+05,1.372361328125000000e+04,-1.875000156250000000e+05,4.641999218750000000e+04,-1.230048046875000000e+05,-1.319282500000000000e+05
4.544559533822000049e+03,-1.875000156250000000e+05,-1.231974765625000000e+05,-1.257894687500000000e+05,1.369721582031250000e+04,-1.875000156250000000e+05,4.639614062500000000e+04,-1.229721875000000000e+05,-1.319308437500000000e+05
4.544559942550999949e+03,-1.875000156250000000e+05,-1.231357343750000000e+05,-1.257478046875000000e+05,1.365988867187500000e+04,-1.875000156250000000e+05,4.635825390625000000e+04,-1.229622187500000000e+05,-1.319520468750000000e+05
4.544560521420000441e+03,-1.875000156250000000e+05,-1.231610859375000000e+05,-1.258024765625000000e+05,1.366759960937500000e+04,-1.875000156250000000e+05,4.636920703125000000e+04,-1.230160000000000000e+05,-1.319871406250000000e+05
4.544561067044000083e+03,-1.875000156250000000e+05,-1.232593671875000000e+05,-1.258762187500000000e+05,1.372931347656250000e+04,-1.875000156250000000e+05,4.643492187500000000e+04,-1.230430234375000000e+05,-1.319563125000000000e+05
4.544561527597000349e+03,-1.875000156250000000e+05,-1.232610390625000000e+05,-1.258415312500000000e+05,1.373067675781250000e+04,-1.875000156250000000e+05,4.643592968750000000e+04,-1.229968671875000000e+05,-1.319173125000000000e+05
4.544562026284999774e+03,-1.875000156250000000e+05,-1.231976484375000000e+05,-1.257729531250000000e+05,1.369377343750000000e+04,-1.875000156250000000e+05,4.639878125000000000e+04,-1.229498359375000000e+05,-1.319146250000000000e+05
4.544562559197000155e+03,-1.875000156250000000e+05,-1.231389531250000000e+05,-1.257437421875000000e+05,1.365512792968750000e+04,-1.875000156250000000e+05,4.636122656250000000e+04,-1.229491015625000000e+05,-1.319460156250000000e+05
4.544563019750000421e+03,-1.875000156250000000e+05,-1.231763515625000000e+05,-1.257997109375000000e+05,1.369062207031250000e+04,-1.875000156250000000e+05,4.639893750000000000e+04,-1.229951250000000000e+05,-1.319631718750000000e+05
4.544563531638000313e+03,-1.875000156250000000e+05,-1.232643515625000000e+05,-1.258690000000000000e+05,1.374904980468750000e+04,-1.875000156250000000e+05,4.645991015625000000e+04,-1.230189062500000000e+05,-1.319337343750000000e+05
4.544564059172000270e+03,-1.875000156250000000e+05,-1.232671015625000000e+05,-1.258336640625000000e+05,1.374587597656250000e+04,-1.875000156250000000e+05,4.645655859375000000e+04,-1.229758750000000000e+05,-1.318971250000000000e+05
4.544564521192000029e+03,-1.875000156250000000e+05,-1.232088750000000000e+05,-1.257704296875000000e+05,1.370711816406250000e+04,-1.875000156250000000e+05,4.641960937500000000e+04,-1.229390390625000000e+05,-1.319002812500000000e+05
4.544565062415000284e+03,-1.875000156250000000e+05,-1.231478984375000000e+05,-1.257378828125000000e+05,1.366561035156250000e+04,-1.875000156250000000e+05,4.637926562500000000e+04,-1.229387109375000000e+05,-1.319342343750000000e+05
4.544565532257000086e+03,-1.875000156250000000e+05,-1.231814062500000000e+05,-1.257925781250000000e+05,1.370005468750000000e+04,-1.875000156250000000e+05,4.641509765625000000e+04,-1.229809296875000000e+05,-1.319504375000000000e+05
4.544618825876999836e+03,-1.875000156250000000e+05,-1.232694453125000000e+05,-1.258633671875000000e+05,1.375968945312500000e+04,-1.875000156250000000e+05,4.647611718750000000e+04,-1.230047812500000000e+05,-1.319212656250000000e+05
4.544619322608999937e+03,-1.875000156250000000e+05,-1.232718125000000000e+05,-1.258323203125000000e+05,1.376138769531250000e+04,-1.875000156250000000e+05,4.647678515625000000e+04,-1.229632265625000000e+05,-1.318857812500000000e+05
4.544619826185999955e+03,-1.875000156250000000e+05,-1.232079531250000000e+05,-1.257662031250000000e+05,1.372951464843750000e+04,-1.875000156250000000e+05,4.644426562500000000e+04,-1.229195078125000000e+05,-1.318849062500000000e+05
4.544620350786999552e+03,-1.875000156250000000e+05,-1.231459531250000000e+05,-1.257325156250000000e+05,1.369723828125000000e+04,-1.875000156250000000e+05,4.641158593750000000e+04,-1.229146328125000000e+05,-1.319124375000000000e+05
4.544620801072999711e+03,-1.875000156250000000e+05,-1.231750781250000000e+05,-1.257843046875000000e+05,1.371950097656250000e+04,-1.875000156250000000e+05,4.643559375000000000e+04,-1.229620234375000000e+05,-1.319357343750000000e+05
4.544621247936000145e+03,-1.875000156250000000e+05,-1.232605937500000000e+05,-1.258572187500000000e+05,1.377428515625000000e+04,-1.875000156250000000e+05,4.649198437500000000e+04,-1.229922656250000000e+05,-1.319127500000000000e+05
4.544621707510999840e+03,-1.875000156250000000e+05,-1.232636562500000000e+05,-1.258217500000000000e+05,1.377734667968750000e+04,-1.875000156250000000e+05,4.649281250000000000e+04,-1.229517812500000000e+05,-1.318758906250000000e+05
4.544622159264000402e+03,-1.875000156250000000e+05,-1.232035781250000000e+05,-1.257637031250000000e+05,1.372864257812500000e+04,-1.875000156250000000e+05,4.644147265625000000e+04,-1.229240234375000000e+05,-1.318899062500000000e+05
4.544622606617000201e+03,-1.875000156250000000e+05,-1.231500859375000000e+05,-1.257386171875000000e+05,1.370380957031250000e+04,-1.875000156250000000e+05,4.641648046875000000e+04,-1.229211171875000000e+05,-1.319146562500000000e+05
4.544623061303000213e+03,-1.875000156250000000e+05,-1.231752968750000000e+05,-1.257872109375000000e+05,1.373438671875000000e+04,-1.875000156250000000e+05,4.645023437500000000e+04,-1.229621328125000000e+05,-1.319303906250000000e+05
4.544623515010999654e+03,-1.875000156250000000e+05,-1.232642578125000000e+05,-1.258575078125000000e+05,1.379610058593750000e+04,-1.875000156250000000e+05,4.651523046875000000e+04,-1.229864296875000000e+05,-1.319003437500000000e+05
4.544623966764000215e+03,-1.875000156250000000e+05,-1.232681484375000000e+05,-1.258232656250000000e+05,1.380463867187500000e+04,-1.875000156250000000e+05,4.652580468750000000e+04,-1.229403593750000000e+05,-1.318559531250000000e+05
4.544624442962000103e+03,-1.875000156250000000e+05,-1.232057656250000000e+05,-1.257564765625000000e+05,1.376590332031250000e+04,-1.875000156250000000e+05,4.648812109375000000e+04,-1.228983203125000000e+05,-1.318539218750000000e+05
4.544624903515000369e+03,-1.875000156250000000e+05,-1.231487656250000000e+05,-1.257258593750000000e+05,1.372935742187500000e+04,-1.875000156250000000e+05,4.645210937500000000e+04,-1.228957500000000000e+05,-1.318841718750000000e+05
4.544625363578999895e+03,-1.875000156250000000e+05,-1.231839921875000000e+05,-1.257810234375000000e+05,1.376550097656250000e+04,-1.875000156250000000e+05,4.648930468750000000e+04,-1.229422812500000000e+05,-1.319020468750000000e+05
4.544678844940000090e+03,-1.875000156250000000e+05,-1.232519218750000000e+05,-1.258388671875000000e+05,1.380495117187500000e+04,-1.875000156250000000e+05,4.652915625000000000e+04,-1.229620625000000000e+05,-1.318755156250000000e+05
4.544679339227999662e+03,-1.875000156250000000e+05,-1.232515390625000000e+05,-1.258070390625000000e+05,1.380311816406250000e+04,-1.875000156250000000e+05,4.652897656250000000e+04,-1.229288046875000000e+05,-1.318482656250000000e+05
4.544679791470000055e+03,-1.875000156250000000e+05,-1.231882187500000000e+05,-1.257349531250000000e+05,1.376836132812500000e+04,-1.875000156250000000e+05,4.649489062500000000e+04,-1.228800078125000000e+05,-1.318428593750000000e+05
4.544680382073000146e+03,-1.875000156250000000e+05,-1.231175859375000000e+05,-1.256975390625000000e+05,1.371891992187500000e+04,-1.875000156250000000e+05,4.644542578125000000e+04,-1.228786250000000000e+05,-1.318805156250000000e+05
4.544680840181000349e+03,-1.875000156250000000e+05,-1.231401875000000000e+05,-1.257460000000000000e+05,1.373727050781250000e+04,-1.875000156250000000e+05,4.646641406250000000e+04,-1.229262812500000000e+05,-1.319074062500000000e+05
4.544681296333999853e+03,-1.875000156250000000e+05,-1.232208046875000000e+05,-1.258145937500000000e+05,1.377696679687500000e+04,-1.875000156250000000e+05,4.650841406250000000e+04,-1.229584921875000000e+05,-1.318910468750000000e+05
4.544681795999999849e+03,-1.875000156250000000e+05,-1.232168046875000000e+05,-1.257956406250000000e+05,1.374484765625000000e+04,-1.875000156250000000e+05,4.647461718750000000e+04,-1.229360234375000000e+05,-1.318821562500000000e+05
4.544682252153000263e+03,-1.875000156250000000e+05,-1.231786953125000000e+05,-1.257575312500000000e+05,1.371766796875000000e+04,-1.875000156250000000e+05,4.644670312500000000e+04,-1.229117968750000000e+05,-1.318927031250000000e+05
4.544682702439000423e+03,-1.875000156250000000e+05,-1.231411484375000000e+05,-1.257311796875000000e+05,1.370774414062500000e+04,-1.875000156250000000e+05,4.643662109375000000e+04,-1.229039921875000000e+05,-1.319056718750000000e+05
4.544683201126999847e+03,-1.875000156250000000e+05,-1.231724140625000000e+05,-1.257744062500000000e+05,1.374073535156250000e+04,-1.875000156250000000e+05,4.647126562500000000e+04,-1.229389531250000000e+05,-1.319147812500000000e+05
4.544683650435000345e+03,-1.875000156250000000e+05,-1.232464921875000000e+05,-1.258400078125000000e+05,1.377251953125000000e+04,-1.875000156250000000e+05,4.650624609375000000e+04,-1.229686562500000000e+05,-1.318977812500000000e+05
4.544684120765999978e+03,-1.875000156250000000e+05,-1.232483203125000000e+05,-1.258199609375000000e+05,1.375030175781250000e+04,-1.875000156250000000e+05,4.648577343750000000e+04,-1.229452109375000000e+05,-1.318854375000000000e+05
4.544684592564000013e+03,-1.875000156250000000e+05,-1.232073281250000000e+05,-1.257661171875000000e+05,1.373177148437500000e+04,-1.875000156250000000e+05,4.646655078125000000e+04,-1.229108984375000000e+05,-1.318845312500000000e+05
4.544685114719999547e+03,-1.875000156250000000e+05,-1.231595859375000000e+05,-1.257331640625000000e+05,1.370778808593750000e+04,-1.875000156250000000e+05,4.644229687500000000e+04,-1.229056718750000000e+05,-1.319059375000000000e+05
4.544685574783999982e+03,-1.875000156250000000e+05,-1.231787656250000000e+05,-1.257788984375000000e+05,1.372059570312500000e+04,-1.875000156250000000e+05,4.645671484375000000e+04,-1.229484765625000000e+05,-1.319311093750000000e+05
4.544737618750000365e+03,-1.875000156250000000e+05,-1.232628750000000000e+05,-1.258549843750000000e+05,1.376366796875000000e+04,-1.875000156250000000e+05,4.650137500000000000e+04,-1.229841015625000000e+05,-1.319171406250000000e+05
4.544738130638999792e+03,-1.875000156250000000e+05,-1.232690468750000000e+05,-1.258273593750000000e+05,1.376165625000000000e+04,-1.875000156250000000e+05,4.649884765625000000e+04,-1.229527656250000000e+05,-1.318903125000000000e+05
4.544738629815999957e+03,-1.875000156250000000e+05,-1.232219687500000000e+05,-1.257665390625000000e+05,1.374243359375000000e+04,-1.875000156250000000e+05,4.647931250000000000e+04,-1.229091562500000000e+05,-1.318825312500000000e+05
4.544739115303000290e+03,-1.875000156250000000e+05,-1.231584921875000000e+05,-1.257204296875000000e+05,1.372437304687500000e+04,-1.875000156250000000e+05,4.646096093750000000e+04,-1.228897578125000000e+05,-1.318915937500000000e+05
4.544739565589000449e+03,-1.875000156250000000e+05,-1.231612890625000000e+05,-1.257567500000000000e+05,1.372794921875000000e+04,-1.875000156250000000e+05,4.646503125000000000e+04,-1.229306171875000000e+05,-1.319167343750000000e+05
4.544740146903000095e+03,-1.875000156250000000e+05,-1.232387109375000000e+05,-1.258381718750000000e+05,1.375850488281250000e+04,-1.875000156250000000e+05,4.649797656250000000e+04,-1.229785625000000000e+05,-1.319199687500000000e+05
4.544740608434000023e+03,-1.875000156250000000e+05,-1.232514531250000000e+05,-1.258180625000000000e+05,1.376480761718750000e+04,-1.875000156250000000e+05,4.650503906250000000e+04,-1.229465937500000000e+05,-1.318874218750000000e+05
4.544741055786000288e+03,-1.875000156250000000e+05,-1.231896953125000000e+05,-1.257536875000000000e+05,1.372546875000000000e+04,-1.875000156250000000e+05,4.646482812500000000e+04,-1.229034609375000000e+05,-1.318882812500000000e+05
4.544741545674000008e+03,-1.875000156250000000e+05,-1.231297500000000000e+05,-1.257215468750000000e+05,1.368688964843750000e+04,-1.875000156250000000e+05,4.642689843750000000e+04,-1.229035468750000000e+05,-1.319232187500000000e+05
4.544742034095000236e+03,-1.875000156250000000e+05,-1.231578437500000000e+05,-1.257665859375000000e+05,1.371813769531250000e+04,-1.875000156250000000e+05,4.646046875000000000e+04,-1.229465312500000000e+05,-1.319395937500000000e+05
4.544742484870000226e+03,-1.875000156250000000e+05,-1.232375078125000000e+05,-1.258273359375000000e+05,1.377529101562500000e+04,-1.875000156250000000e+05,4.652108984375000000e+04,-1.229680781250000000e+05,-1.319094062500000000e+05
4.544742931734000194e+03,-1.875000156250000000e+05,-1.232258125000000000e+05,-1.257877265625000000e+05,1.375723046875000000e+04,-1.875000156250000000e+05,4.650300390625000000e+04,-1.229297656250000000e+05,-1.318824218750000000e+05
4.544743444599999748e+03,-1.875000156250000000e+05,-1.231644843750000000e+05,-1.257326093750000000e+05,1.370421191406250000e+04,-1.875000156250000000e+05,4.645081250000000000e+04,-1.229032343750000000e+05,-1.319004375000000000e+05
4.544743902709000395e+03,-1.875000156250000000e+05,-1.231160703125000000e+05,-1.257090703125000000e+05,1.368340234375000000e+04,-1.875000156250000000e+05,4.643074218750000000e+04,-1.229056015625000000e+05,-1.319299218750000000e+05
4.544744380373000240e+03,-1.875000156250000000e+05,-1.231316953125000000e+05,-1.257406562500000000e+05,1.370000976562500000e+04,-1.875000156250000000e+05,4.645048046875000000e+04,-1.229375000000000000e+05,-1.319414062500000000e+05
4.544797492607000095e+03,-1.875000156250000000e+05,-1.232023437500000000e+05,-1.258138359375000000e+05,1.372008203125000000e+04,-1.875000156250000000e+05,4.647403906250000000e+04,-1.229816640625000000e+05,-1.319426875000000000e+05
4.544798032853000223e+03,-1.875000156250000000e+05,-1.232110000000000000e+05,-1.257955937500000000e+05,1.371561132812500000e+04,-1.875000156250000000e+05,4.646798046875000000e+04,-1.229540156250000000e+05,-1.319189687500000000e+05
4.544798556474999714e+03,-1.875000156250000000e+05,-1.231616015625000000e+05,-1.257393828125000000e+05,1.369370703125000000e+04,-1.875000156250000000e+05,4.644426562500000000e+04,-1.229163125000000000e+05,-1.319195781250000000e+05
4.544799062007999964e+03,-1.875000156250000000e+05,-1.230995703125000000e+05,-1.256911718750000000e+05,1.367982617187500000e+04,-1.875000156250000000e+05,4.642835156250000000e+04,-1.228951640625000000e+05,-1.319233906250000000e+05
4.544799555806999706e+03,-1.875000156250000000e+05,-1.231004921875000000e+05,-1.257249843750000000e+05,1.368199414062500000e+04,-1.875000156250000000e+05,4.643230859375000000e+04,-1.229337656250000000e+05,-1.319493281250000000e+05
4.544800126365000324e+03,-1.875000156250000000e+05,-1.231806171875000000e+05,-1.258027734375000000e+05,1.372151269531250000e+04,-1.875000156250000000e+05,4.647448437500000000e+04,-1.229735781250000000e+05,-1.319416250000000000e+05
4.544800504781000200e+03,-1.875000156250000000e+05,-1.231875234375000000e+05,-1.257752109375000000e+05,1.372249609375000000e+04,-1.875000156250000000e+05,4.647551171875000000e+04,-1.229379453125000000e+05,-1.319107187500000000e+05
4.544800876352000159e+03,-1.875000156250000000e+05,-1.231288515625000000e+05,-1.257071953125000000e+05,1.368950488281250000e+04,-1.875000156250000000e+05,4.644185156250000000e+04,-1.228970468750000000e+05,-1.319104062500000000e+05
4.544801241078999738e+03,-1.875000156250000000e+05,-1.230720390625000000e+05,-1.256747187500000000e+05,1.365948632812500000e+04,-1.875000156250000000e+05,4.641069140625000000e+04,-1.228926171875000000e+05,-1.319362031250000000e+05
4.544801612162000310e+03,-1.875000156250000000e+05,-1.230933828125000000e+05,-1.257206484375000000e+05,1.367403710937500000e+04,-1.875000156250000000e+05,4.642790234375000000e+04,-1.229360234375000000e+05,-1.319582812500000000e+05
4.544801981288999741e+03,-1.875000156250000000e+05,-1.231765781250000000e+05,-1.257996875000000000e+05,1.371795800781250000e+04,-1.875000156250000000e+05,4.647396875000000000e+04,-1.229760781250000000e+05,-1.319505781250000000e+05
4.544802348459999848e+03,-1.875000156250000000e+05,-1.231861406250000000e+05,-1.257711640625000000e+05,1.372164648437500000e+04,-1.875000156250000000e+05,4.647741406250000000e+04,-1.229420390625000000e+05,-1.319161250000000000e+05
4.544802720030999808e+03,-1.875000156250000000e+05,-1.231370781250000000e+05,-1.257077109375000000e+05,1.369828906250000000e+04,-1.875000156250000000e+05,4.645593359375000000e+04,-1.229012421875000000e+05,-1.319073437500000000e+05
4.544803096003000064e+03,-1.875000156250000000e+05,-1.230774921875000000e+05,-1.256761718750000000e+05,1.365731835937500000e+04,-1.875000156250000000e+05,4.641556640625000000e+04,-1.229004843750000000e+05,-1.319366875000000000e+05
4.544803466108000066e+03,-1.875000156250000000e+05,-1.231075312500000000e+05,-1.257281796875000000e+05,1.368648730468750000e+04,-1.875000156250000000e+05,4.644721484375000000e+04,-1.229417265625000000e+05,-1.319533906250000000e+05
4.544858499269000276e+03,-1.875000156250000000e+05,-1.231810859375000000e+05,-1.258031718750000000e+05,1.371132031250000000e+04,-1.875000156250000000e+05,4.647537890625000000e+04,-1.229780937500000000e+05,-1.319492500000000000e+05
4.544858903596999880e+03,-1.875000156250000000e+05,-1.232020546875000000e+05,-1.257889531250000000e+05,1.372213867187500000e+04,-1.875000156250000000e+05,4.648731640625000000e+04,-1.229523203125000000e+05,-1.319228750000000000e+05
4.544859281035000095e+03,-1.875000156250000000e+05,-1.231461093750000000e+05,-1.257222578125000000e+05,1.368570507812500000e+04,-1.875000156250000000e+05,4.645050000000000000e+04,-1.229098281250000000e+05,-1.319179687500000000e+05
4.544859654073999991e+03,-1.875000156250000000e+05,-1.230966015625000000e+05,-1.256937578125000000e+05,1.365378613281250000e+04,-1.875000156250000000e+05,4.641856250000000000e+04,-1.229085781250000000e+05,-1.319464218750000000e+05
4.544860063291000188e+03,-1.875000156250000000e+05,-1.231196640625000000e+05,-1.257373046875000000e+05,1.368098828125000000e+04,-1.875000156250000000e+05,4.644690234375000000e+04,-1.229490078125000000e+05,-1.319624375000000000e+05
4.544860446597000191e+03,-1.875000156250000000e+05,-1.231955703125000000e+05,-1.258114687500000000e+05,1.371979101562500000e+04,-1.875000156250000000e+05,4.648820703125000000e+04,-1.229859140625000000e+05,-1.319494843750000000e+05
4.544860821100999601e+03,-1.875000156250000000e+05,-1.232079765625000000e+05,-1.257961562500000000e+05,1.371478417968750000e+04,-1.875000156250000000e+05,4.648143750000000000e+04,-1.229601640625000000e+05,-1.319264843750000000e+05
4.544861192184000174e+03,-1.875000156250000000e+05,-1.231624921875000000e+05,-1.257459296875000000e+05,1.367788183593750000e+04,-1.875000156250000000e+05,4.644482421875000000e+04,-1.229276406250000000e+05,-1.319315000000000000e+05
4.544861572067000452e+03,-1.875000156250000000e+05,-1.231291015625000000e+05,-1.257211640625000000e+05,1.367448437500000000e+04,-1.875000156250000000e+05,4.644332812500000000e+04,-1.229194375000000000e+05,-1.319433281250000000e+05
4.544861943638999946e+03,-1.875000156250000000e+05,-1.231489218750000000e+05,-1.257493281250000000e+05,1.371035839843750000e+04,-1.875000156250000000e+05,4.648058593750000000e+04,-1.229405859375000000e+05,-1.319408125000000000e+05
4.544862313253999673e+03,-1.875000156250000000e+05,-1.232132968750000000e+05,-1.258149765625000000e+05,1.373360449218750000e+04,-1.875000156250000000e+05,4.650365234375000000e+04,-1.229760156250000000e+05,-1.319363125000000000e+05
4.544862683358999675e+03,-1.875000156250000000e+05,-1.232253671875000000e+05,-1.258007109375000000e+05,1.372555761718750000e+04,-1.875000156250000000e+05,4.649583203125000000e+04,-1.229548203125000000e+05,-1.319187812500000000e+05
4.544863048574999993e+03,-1.875000156250000000e+05,-1.231776953125000000e+05,-1.257539062500000000e+05,1.369001855468750000e+04,-1.875000156250000000e+05,4.645798828125000000e+04,-1.229276406250000000e+05,-1.319279062500000000e+05
4.544863418191000164e+03,-1.875000156250000000e+05,-1.231202500000000000e+05,-1.257214531250000000e+05,1.365450195312500000e+04,-1.875000156250000000e+05,4.642217968750000000e+04,-1.229215625000000000e+05,-1.319530937500000000e+05
4.544863789762000124e+03,-1.875000156250000000e+05,-1.231482968750000000e+05,-1.257756328125000000e+05,1.367486425781250000e+04,-1.875000156250000000e+05,4.644587500000000000e+04,-1.229708046875000000e+05,-1.319782500000000000e+05
4.544918465529999594e+03,-1.875000156250000000e+05,-1.232456875000000000e+05,-1.258516093750000000e+05,1.374589843750000000e+04,-1.875000156250000000e+05,4.651865234375000000e+04,-1.230019140625000000e+05,-1.319501093750000000e+05
4.544918856657999640e+03,-1.875000156250000000e+05,-1.232363203125000000e+05,-1.258087812500000000e+05,1.374411035156250000e+04,-1.875000156250000000e+05,4.651543359375000000e+04,-1.229550468750000000e+05,-1.319084375000000000e+05
4.544919230673999664e+03,-1.875000156250000000e+05,-1.231691796875000000e+05,-1.257461953125000000e+05,1.369846777343750000e+04,-1.875000156250000000e+05,4.646930078125000000e+04,-1.229219687500000000e+05,-1.319199687500000000e+05
4.544919604200999856e+03,-1.875000156250000000e+05,-1.231119140625000000e+05,-1.257192421875000000e+05,1.366241406250000000e+04,-1.875000156250000000e+05,4.643360156250000000e+04,-1.229209375000000000e+05,-1.319495156250000000e+05
4.544919978705999711e+03,-1.875000156250000000e+05,-1.231336562500000000e+05,-1.257674531250000000e+05,1.367667480468750000e+04,-1.875000156250000000e+05,4.644916015625000000e+04,-1.229670468750000000e+05,-1.319764843750000000e+05
4.544920386945000246e+03,-1.875000156250000000e+05,-1.232246093750000000e+05,-1.258484140625000000e+05,1.372115429687500000e+04,-1.875000156250000000e+05,4.649484765625000000e+04,-1.230068359375000000e+05,-1.319652968750000000e+05
4.544920774162000271e+03,-1.875000156250000000e+05,-1.232484375000000000e+05,-1.258322500000000000e+05,1.373677832031250000e+04,-1.875000156250000000e+05,4.650942187500000000e+04,-1.229752109375000000e+05,-1.319294687500000000e+05
4.544921147688999554e+03,-1.875000156250000000e+05,-1.231883281250000000e+05,-1.257603281250000000e+05,1.370146289062500000e+04,-1.875000156250000000e+05,4.647160156250000000e+04,-1.229273046875000000e+05,-1.319258281250000000e+05
4.544921527083000001e+03,-1.875000156250000000e+05,-1.231293671875000000e+05,-1.257274218750000000e+05,1.366929882812500000e+04,-1.875000156250000000e+05,4.643968359375000000e+04,-1.229245781250000000e+05,-1.319562968750000000e+05
4.544921902566000426e+03,-1.875000156250000000e+05,-1.231393125000000000e+05,-1.257668281250000000e+05,1.367794921875000000e+04,-1.875000156250000000e+05,4.645085937500000000e+04,-1.229654843750000000e+05,-1.319786250000000000e+05
4.544922269736999624e+03,-1.875000156250000000e+05,-1.232219453125000000e+05,-1.258478281250000000e+05,1.371945605468750000e+04,-1.875000156250000000e+05,4.649516015625000000e+04,-1.230091171875000000e+05,-1.319742187500000000e+05
4.544922640820000197e+03,-1.875000156250000000e+05,-1.232344687500000000e+05,-1.258301953125000000e+05,1.371599121093750000e+04,-1.875000156250000000e+05,4.649216406250000000e+04,-1.229809531250000000e+05,-1.319470937500000000e+05
4.544923014836000220e+03,-1.875000156250000000e+05,-1.231740703125000000e+05,-1.257664921875000000e+05,1.367363476562500000e+04,-1.875000156250000000e+05,4.644721484375000000e+04,-1.229419062500000000e+05,-1.319485625000000000e+05
4.544923386407000180e+03,-1.875000156250000000e+05,-1.231249609375000000e+05,-1.257368515625000000e+05,1.365526171875000000e+04,-1.875000156250000000e+05,4.642998046875000000e+04,-1.229372734375000000e+05,-1.319725468750000000e+05
4.544923755044999780e+03,-1.875000156250000000e+05,-1.231446796875000000e+05,-1.257697343750000000e+05,1.368863281250000000e+04,-1.875000156250000000e+05,4.646630468750000000e+04,-1.229658203125000000e+05,-1.319764062500000000e+05
4.544978306629999679e+03,-1.875000156250000000e+05,-1.232142812500000000e+05,-1.258340390625000000e+05,1.372399316406250000e+04,-1.875000156250000000e+05,4.650289453125000000e+04,-1.229960390625000000e+05,-1.319602812500000000e+05
4.544978679668000041e+03,-1.875000156250000000e+05,-1.232203203125000000e+05,-1.258155546875000000e+05,1.370823535156250000e+04,-1.875000156250000000e+05,4.648594921875000000e+04,-1.229739531250000000e+05,-1.319446718750000000e+05
4.544979046839000148e+03,-1.875000156250000000e+05,-1.231703828125000000e+05,-1.257637031250000000e+05,1.366820312500000000e+04,-1.875000156250000000e+05,4.644591796875000000e+04,-1.229454609375000000e+05,-1.319547812500000000e+05
4.544979421344000002e+03,-1.875000156250000000e+05,-1.231182343750000000e+05,-1.257325156250000000e+05,1.363420605468750000e+04,-1.875000156250000000e+05,4.641118359375000000e+04,-1.229442500000000000e+05,-1.319822500000000000e+05
4.544979790471000342e+03,-1.875000156250000000e+05,-1.231342187500000000e+05,-1.257744531250000000e+05,1.365555273437500000e+04,-1.875000156250000000e+05,4.643590625000000000e+04,-1.229825859375000000e+05,-1.320039062500000000e+05
4.544980207022999821e+03,-1.875000156250000000e+05,-1.232121796875000000e+05,-1.258426718750000000e+05,1.370669335937500000e+04,-1.875000156250000000e+05,4.649001953125000000e+04,-1.230114140625000000e+05,-1.319813437500000000e+05
4.544980581038999844e+03,-1.875000156250000000e+05,-1.232153984375000000e+05,-1.258113125000000000e+05,1.370123925781250000e+04,-1.875000156250000000e+05,4.648414062500000000e+04,-1.229758359375000000e+05,-1.319517187500000000e+05
4.544980951143000311e+03,-1.875000156250000000e+05,-1.231533281250000000e+05,-1.257471406250000000e+05,1.366145312500000000e+04,-1.875000156250000000e+05,4.644332812500000000e+04,-1.229423515625000000e+05,-1.319604375000000000e+05
4.544981335915000273e+03,-1.875000156250000000e+05,-1.231056328125000000e+05,-1.257059218750000000e+05,1.366404589843750000e+04,-1.875000156250000000e+05,4.644723828125000000e+04,-1.229261484375000000e+05,-1.319658437500000000e+05
4.544981706020000274e+03,-1.875000156250000000e+05,-1.231064609375000000e+05,-1.257288046875000000e+05,1.367819433593750000e+04,-1.875000156250000000e+05,4.646303906250000000e+04,-1.229517578125000000e+05,-1.319780156250000000e+05
4.544982080525000129e+03,-1.875000156250000000e+05,-1.231798125000000000e+05,-1.257989062500000000e+05,1.371603613281250000e+04,-1.875000156250000000e+05,4.650090625000000000e+04,-1.229864921875000000e+05,-1.319652656250000000e+05
4.544982451118999961e+03,-1.875000156250000000e+05,-1.231835937500000000e+05,-1.257904062500000000e+05,1.368630859375000000e+04,-1.875000156250000000e+05,4.646825000000000000e+04,-1.229755234375000000e+05,-1.319608281250000000e+05
4.544982822689999921e+03,-1.875000156250000000e+05,-1.231413671875000000e+05,-1.257421953125000000e+05,1.365675976562500000e+04,-1.875000156250000000e+05,4.643794140625000000e+04,-1.229503281250000000e+05,-1.319708281250000000e+05
4.544983196705999944e+03,-1.875000156250000000e+05,-1.230876562500000000e+05,-1.256916171875000000e+05,1.364672363281250000e+04,-1.875000156250000000e+05,4.642895312500000000e+04,-1.229280234375000000e+05,-1.319749062500000000e+05
4.544983571699999629e+03,-1.875000156250000000e+05,-1.230741562500000000e+05,-1.257052968750000000e+05,1.364768457031250000e+04,-1.875000156250000000e+05,4.643192578125000000e+04,-1.229518750000000000e+05,-1.319910937500000000e+05
4.545037418277000143e+03,-1.875000156250000000e+05,-1.231376796875000000e+05,-1.257749843750000000e+05,1.367993847656250000e+04,-1.875000156250000000e+05,4.646730859375000000e+04,-1.229902968750000000e+05,-1.319902656250000000e+05
4.545037806471000295e+03,-1.875000156250000000e+05,-1.231372812500000000e+05,-1.257478046875000000e+05,1.366777929687500000e+04,-1.875000156250000000e+05,4.645626953125000000e+04,-1.229599375000000000e+05,-1.319661250000000000e+05
4.545038183908999599e+03,-1.875000156250000000e+05,-1.230813750000000000e+05,-1.256847734375000000e+05,1.363185937500000000e+04,-1.875000156250000000e+05,4.642108593750000000e+04,-1.229231484375000000e+05,-1.319699687500000000e+05
4.545038560369999686e+03,-1.875000156250000000e+05,-1.230225468750000000e+05,-1.256473593750000000e+05,1.359392871093750000e+04,-1.875000156250000000e+05,4.638172656250000000e+04,-1.229157265625000000e+05,-1.319979062500000000e+05
4.545038928519000365e+03,-1.875000156250000000e+05,-1.230370078125000000e+05,-1.256906953125000000e+05,1.360090234375000000e+04,-1.875000156250000000e+05,4.638863281250000000e+04,-1.229629140625000000e+05,-1.320311250000000000e+05
4.545039297645999795e+03,-1.875000156250000000e+05,-1.231148828125000000e+05,-1.257706953125000000e+05,1.363670996093750000e+04,-1.875000156250000000e+05,4.642618359375000000e+04,-1.230050468750000000e+05,-1.320257187500000000e+05
4.545039675572999840e+03,-1.875000156250000000e+05,-1.231329218750000000e+05,-1.257583828125000000e+05,1.364281152343750000e+04,-1.875000156250000000e+05,4.643405078125000000e+04,-1.229777343750000000e+05,-1.319962343750000000e+05
4.545040080879999550e+03,-1.875000156250000000e+05,-1.230760156250000000e+05,-1.256910312500000000e+05,1.360432226562500000e+04,-1.875000156250000000e+05,4.639833203125000000e+04,-1.229393125000000000e+05,-1.319945312500000000e+05
4.545040453917999912e+03,-1.875000156250000000e+05,-1.230276640625000000e+05,-1.256596328125000000e+05,1.357329785156250000e+04,-1.875000156250000000e+05,4.636710546875000000e+04,-1.229365625000000000e+05,-1.320196250000000000e+05
4.545040821577999850e+03,-1.875000156250000000e+05,-1.230371406250000000e+05,-1.257062343750000000e+05,1.356292675781250000e+04,-1.875000156250000000e+05,4.635830078125000000e+04,-1.229873437500000000e+05,-1.320585156250000000e+05
4.545041192171999683e+03,-1.875000156250000000e+05,-1.231315156250000000e+05,-1.257993281250000000e+05,1.360758593750000000e+04,-1.875000156250000000e+05,4.640729687500000000e+04,-1.230388437500000000e+05,-1.320544843750000000e+05
4.545041574009999749e+03,-1.875000156250000000e+05,-1.231536875000000000e+05,-1.257845312500000000e+05,1.361759960937500000e+04,-1.875000156250000000e+05,4.641657031250000000e+04,-1.230110625000000000e+05,-1.320193906250000000e+05
4.545041949493000175e+03,-1.875000156250000000e+05,-1.231013828125000000e+05,-1.257198906250000000e+05,1.357971289062500000e+04,-1.875000156250000000e+05,4.637765625000000000e+04,-1.229704453125000000e+05,-1.320154531250000000e+05
4.545042319598000176e+03,-1.875000156250000000e+05,-1.230448359375000000e+05,-1.256963125000000000e+05,1.352155371093750000e+04,-1.875000156250000000e+05,4.631846875000000000e+04,-1.229768593750000000e+05,-1.320583906250000000e+05
4.545042685790999712e+03,-1.875000156250000000e+05,-1.230712500000000000e+05,-1.257577109375000000e+05,1.352367675781250000e+04,-1.875000156250000000e+05,4.632081640625000000e+04,-1.230347734375000000e+05,-1.321010156250000000e+05
4.545097396271999969e+03,-1.875000156250000000e+05,-1.231725078125000000e+05,-1.258466484375000000e+05,1.358936914062500000e+04,-1.875000156250000000e+05,4.638805078125000000e+04,-1.230761015625000000e+05,-1.320808593750000000e+05
4.545097783487999550e+03,-1.875000156250000000e+05,-1.231926875000000000e+05,-1.258210546875000000e+05,1.361306152343750000e+04,-1.875000156250000000e+05,4.641176562500000000e+04,-1.230335703125000000e+05,-1.320298750000000000e+05
4.545098158970999975e+03,-1.875000156250000000e+05,-1.231363671875000000e+05,-1.257485859375000000e+05,1.359033007812500000e+04,-1.875000156250000000e+05,4.638975000000000000e+04,-1.229826718750000000e+05,-1.320155312500000000e+05
4.545098528098000315e+03,-1.875000156250000000e+05,-1.230692187500000000e+05,-1.257074843750000000e+05,1.353605957031250000e+04,-1.875000156250000000e+05,4.633550000000000000e+04,-1.229776875000000000e+05,-1.320495468750000000e+05
4.545104175985000438e+03,-1.875000156250000000e+05,-1.230940546875000000e+05,-1.257673203125000000e+05,1.353943554687500000e+04,-1.875000156250000000e+05,4.634102343750000000e+04,-1.230362265625000000e+05,-1.320899843750000000e+05
4.545104946995000319e+03,-1.875000156250000000e+05,-1.231894296875000000e+05,-1.258571328125000000e+05,1.358371386718750000e+04,-1.875000156250000000e+05,4.638934765625000000e+04,-1.230824296875000000e+05,-1.320813593750000000e+05
4.545105422216000079e+03,-1.875000156250000000e+05,-1.232177265625000000e+05,-1.258468281250000000e+05,1.360201953125000000e+04,-1.875000156250000000e+05,4.640834765625000000e+04,-1.230528593750000000e+05,-1.320441875000000000e+05
4.545106092510999588e+03,-1.875000156250000000e+05,-1.231664921875000000e+05,-1.257799062500000000e+05,1.357095117187500000e+04,-1.875000156250000000e+05,4.637758984375000000e+04,-1.230061640625000000e+05,-1.320335625000000000e+05
4.545106559908999770e+03,-1.875000156250000000e+05,-1.231068359375000000e+05,-1.257458203125000000e+05,1.352575585937500000e+04,-1.875000156250000000e+05,4.633416015625000000e+04,-1.230044218750000000e+05,-1.320646718750000000e+05
4.545107218471000124e+03,-1.875000156250000000e+05,-1.231274921875000000e+05,-1.257956640625000000e+05,1.353469628906250000e+04,-1.875000156250000000e+05,4.634506640625000000e+04,-1.230513828125000000e+05,-1.320959531250000000e+05
4.545107686846000433e+03,-1.875000156250000000e+05,-1.232271328125000000e+05,-1.258854296875000000e+05,1.359265429687500000e+04,-1.875000156250000000e+05,4.640452343750000000e+04,-1.230930937500000000e+05,-1.320837500000000000e+05
4.545108304827999746e+03,-1.875000156250000000e+05,-1.232515625000000000e+05,-1.258631015625000000e+05,1.361706250000000000e+04,-1.875000156250000000e+05,4.642709765625000000e+04,-1.230541328125000000e+05,-1.320341718750000000e+05
4.545108939921999990e+03,-1.875000156250000000e+05,-1.231871015625000000e+05,-1.257940312500000000e+05,1.356692773437500000e+04,-1.875000156250000000e+05,4.637678515625000000e+04,-1.230144765625000000e+05,-1.320384843750000000e+05
4.545109406831000342e+03,-1.875000156250000000e+05,-1.231340156250000000e+05,-1.257683281250000000e+05,1.353518847656250000e+04,-1.875000156250000000e+05,4.634562500000000000e+04,-1.230147031250000000e+05,-1.320705625000000000e+05
4.545110069792999639e+03,-1.875000156250000000e+05,-1.231551875000000000e+05,-1.258088515625000000e+05,1.355628808593750000e+04,-1.875000156250000000e+05,4.636755468750000000e+04,-1.230514296875000000e+05,-1.320893593750000000e+05
4.545157433911999760e+03,-1.875000156250000000e+05,-1.232481640625000000e+05,-1.258896953125000000e+05,1.361172070312500000e+04,-1.875000156250000000e+05,4.642578125000000000e+04,-1.230941640625000000e+05,-1.320745781250000000e+05
4.545157946289999927e+03,-1.875000156250000000e+05,-1.232594531250000000e+05,-1.258648437500000000e+05,1.361587792968750000e+04,-1.875000156250000000e+05,4.643069921875000000e+04,-1.230601250000000000e+05,-1.320369843750000000e+05
4.545158669876000204e+03,-1.875000156250000000e+05,-1.232050703125000000e+05,-1.258062812500000000e+05,1.358901171875000000e+04,-1.875000156250000000e+05,4.640121484375000000e+04,-1.230205156250000000e+05,-1.320369843750000000e+05
4.545159141674000239e+03,-1.875000156250000000e+05,-1.231484140625000000e+05,-1.257673203125000000e+05,1.357079492187500000e+04,-1.875000156250000000e+05,4.638170312500000000e+04,-1.230029453125000000e+05,-1.320473281250000000e+05
4.545159597337999912e+03,-1.875000156250000000e+05,-1.231477421875000000e+05,-1.258059218750000000e+05,1.356247949218750000e+04,-1.875000156250000000e+05,4.637616015625000000e+04,-1.230460390625000000e+05,-1.320807031250000000e+05
4.545160393283000303e+03,-1.875000156250000000e+05,-1.232455078125000000e+05,-1.258955546875000000e+05,1.362528808593750000e+04,-1.875000156250000000e+05,4.644334765625000000e+04,-1.230891796875000000e+05,-1.320659062500000000e+05
4.545160864593000042e+03,-1.875000156250000000e+05,-1.232638125000000000e+05,-1.258736484375000000e+05,1.363342382812500000e+04,-1.875000156250000000e+05,4.645108203125000000e+04,-1.230534140625000000e+05,-1.320272187500000000e+05
4.545161530487999698e+03,-1.875000156250000000e+05,-1.232065468750000000e+05,-1.258064140625000000e+05,1.359933789062500000e+04,-1.875000156250000000e+05,4.641449218750000000e+04,-1.230098515625000000e+05,-1.320237500000000000e+05
4.545161999840999670e+03,-1.875000156250000000e+05,-1.231447031250000000e+05,-1.257704921875000000e+05,1.356239062500000000e+04,-1.875000156250000000e+05,4.637571093750000000e+04,-1.230041093750000000e+05,-1.320529218750000000e+05
4.545162650580000445e+03,-1.875000156250000000e+05,-1.231620703125000000e+05,-1.258110859375000000e+05,1.357416992187500000e+04,-1.875000156250000000e+05,4.639241015625000000e+04,-1.230453671875000000e+05,-1.320765000000000000e+05
4.545163128733999656e+03,-1.875000156250000000e+05,-1.232554296875000000e+05,-1.258949453125000000e+05,1.363872167968750000e+04,-1.875000156250000000e+05,4.646073828125000000e+04,-1.230861640625000000e+05,-1.320587031250000000e+05
4.545163591731999986e+03,-1.875000156250000000e+05,-1.232682187500000000e+05,-1.258705625000000000e+05,1.364533789062500000e+04,-1.875000156250000000e+05,4.646842578125000000e+04,-1.230474296875000000e+05,-1.320174218750000000e+05
4.545164342697000393e+03,-1.875000156250000000e+05,-1.232087812500000000e+05,-1.258109296875000000e+05,1.359663281250000000e+04,-1.875000156250000000e+05,4.642039453125000000e+04,-1.230132734375000000e+05,-1.320250312500000000e+05
4.545164815961999921e+03,-1.875000156250000000e+05,-1.231535781250000000e+05,-1.257821875000000000e+05,1.355914941406250000e+04,-1.875000156250000000e+05,4.638335546875000000e+04,-1.230126015625000000e+05,-1.320585937500000000e+05
4.545165480390000084e+03,-1.875000156250000000e+05,-1.231635468750000000e+05,-1.258212578125000000e+05,1.356661523437500000e+04,-1.875000156250000000e+05,4.639180468750000000e+04,-1.230546484375000000e+05,-1.320861093750000000e+05
4.545218501196000034e+03,-1.875000156250000000e+05,-1.232493046875000000e+05,-1.259050546875000000e+05,1.361670507812500000e+04,-1.875000156250000000e+05,4.644375000000000000e+04,-1.230995703125000000e+05,-1.320767187500000000e+05
4.545219008684999608e+03,-1.875000156250000000e+05,-1.232820781250000000e+05,-1.258974062500000000e+05,1.364185058593750000e+04,-1.875000156250000000e+05,4.646950000000000000e+04,-1.230703359375000000e+05,-1.320369218750000000e+05
4.545219654534999790e+03,-1.875000156250000000e+05,-1.232260859375000000e+05,-1.258253671875000000e+05,1.361350878906250000e+04,-1.875000156250000000e+05,4.643863281250000000e+04,-1.230178359375000000e+05,-1.320204687500000000e+05
4.545220193801999812e+03,-1.875000156250000000e+05,-1.231613281250000000e+05,-1.257809296875000000e+05,1.358630664062500000e+04,-1.875000156250000000e+05,4.641002343750000000e+04,-1.230022109375000000e+05,-1.320396250000000000e+05
4.545220676844999616e+03,-1.875000156250000000e+05,-1.231551406250000000e+05,-1.258128281250000000e+05,1.358112109375000000e+04,-1.875000156250000000e+05,4.640640234375000000e+04,-1.230425312500000000e+05,-1.320708437500000000e+05
4.545221181400000205e+03,-1.875000156250000000e+05,-1.232536875000000000e+05,-1.259041796875000000e+05,1.364457812500000000e+04,-1.875000156250000000e+05,4.647204687500000000e+04,-1.230903203125000000e+05,-1.320617500000000000e+05
4.545221637552999709e+03,-1.875000156250000000e+05,-1.232640390625000000e+05,-1.258811328125000000e+05,1.363854296875000000e+04,-1.875000156250000000e+05,4.646489453125000000e+04,-1.230535703125000000e+05,-1.320229218750000000e+05
4.545222148464000384e+03,-1.875000156250000000e+05,-1.232084218750000000e+05,-1.258275156250000000e+05,1.359699121093750000e+04,-1.875000156250000000e+05,4.642464062500000000e+04,-1.230273984375000000e+05,-1.320365781250000000e+05
4.545222607061000417e+03,-1.875000156250000000e+05,-1.231526796875000000e+05,-1.257839687500000000e+05,1.357273925781250000e+04,-1.875000156250000000e+05,4.639976171875000000e+04,-1.230102343750000000e+05,-1.320472187500000000e+05
4.545223121883000204e+03,-1.875000156250000000e+05,-1.231625859375000000e+05,-1.258240937500000000e+05,1.358062890625000000e+04,-1.875000156250000000e+05,4.641069140625000000e+04,-1.230549609375000000e+05,-1.320821406250000000e+05
4.545223709064000104e+03,-1.875000156250000000e+05,-1.232543593750000000e+05,-1.259028359375000000e+05,1.363950390625000000e+04,-1.875000156250000000e+05,4.647157812500000000e+04,-1.230887968750000000e+05,-1.320605468750000000e+05
4.545224185750999823e+03,-1.875000156250000000e+05,-1.232727109375000000e+05,-1.258880625000000000e+05,1.365016601562500000e+04,-1.875000156250000000e+05,4.648308984375000000e+04,-1.230564531250000000e+05,-1.320253125000000000e+05
4.545224676128000283e+03,-1.875000156250000000e+05,-1.232225078125000000e+05,-1.258175703125000000e+05,1.362864062500000000e+04,-1.875000156250000000e+05,4.646214843750000000e+04,-1.230073281250000000e+05,-1.320091093750000000e+05
4.545225229573999968e+03,-1.875000156250000000e+05,-1.231511640625000000e+05,-1.257740234375000000e+05,1.358295410156250000e+04,-1.875000156250000000e+05,4.641451562500000000e+04,-1.229972265625000000e+05,-1.320396406250000000e+05
4.545225691104000362e+03,-1.875000156250000000e+05,-1.231592500000000000e+05,-1.258149765625000000e+05,1.359207324218750000e+04,-1.875000156250000000e+05,4.642477343750000000e+04,-1.230402968750000000e+05,-1.320681250000000000e+05
4.545278405363999809e+03,-1.875000156250000000e+05,-1.232458906250000000e+05,-1.258979218750000000e+05,1.364835546875000000e+04,-1.875000156250000000e+05,4.648308984375000000e+04,-1.230820078125000000e+05,-1.320554843750000000e+05
4.545278913830000420e+03,-1.875000156250000000e+05,-1.232643281250000000e+05,-1.258798593750000000e+05,1.366487304687500000e+04,-1.875000156250000000e+05,4.649983203125000000e+04,-1.230469375000000000e+05,-1.320122343750000000e+05
4.545279598793000332e+03,-1.875000156250000000e+05,-1.232056953125000000e+05,-1.258115312500000000e+05,1.363275390625000000e+04,-1.875000156250000000e+05,4.646621484375000000e+04,-1.229996171875000000e+05,-1.320030625000000000e+05
4.545280153216999679e+03,-1.875000156250000000e+05,-1.231379062500000000e+05,-1.257726406250000000e+05,1.358659765625000000e+04,-1.875000156250000000e+05,4.642012500000000000e+04,-1.229943203125000000e+05,-1.320362968750000000e+05
4.545280795644000136e+03,-1.875000156250000000e+05,-1.231548906250000000e+05,-1.258135859375000000e+05,1.360760839843750000e+04,-1.875000156250000000e+05,4.644258984375000000e+04,-1.230355312500000000e+05,-1.320608125000000000e+05
4.545281266463999600e+03,-1.875000156250000000e+05,-1.232460468750000000e+05,-1.258901875000000000e+05,1.367285253906250000e+04,-1.875000156250000000e+05,4.651105078125000000e+04,-1.230703828125000000e+05,-1.320368437500000000e+05
4.545281734350999614e+03,-1.875000156250000000e+05,-1.232587656250000000e+05,-1.258676796875000000e+05,1.367169042968750000e+04,-1.875000156250000000e+05,4.651152343750000000e+04,-1.230399140625000000e+05,-1.320005000000000000e+05
4.545282426157999907e+03,-1.875000156250000000e+05,-1.231998437500000000e+05,-1.258077578125000000e+05,1.362443847656250000e+04,-1.875000156250000000e+05,4.646583593750000000e+04,-1.230062734375000000e+05,-1.320074375000000000e+05
4.545282885245000216e+03,-1.875000156250000000e+05,-1.231441640625000000e+05,-1.257753671875000000e+05,1.359015136718750000e+04,-1.875000156250000000e+05,4.643083203125000000e+04,-1.230032343750000000e+05,-1.320379687500000000e+05
4.545283524739000313e+03,-1.875000156250000000e+05,-1.231592109375000000e+05,-1.258090546875000000e+05,1.361818066406250000e+04,-1.875000156250000000e+05,4.645928515625000000e+04,-1.230324765625000000e+05,-1.320527187500000000e+05
4.545283993113999713e+03,-1.875000156250000000e+05,-1.232343515625000000e+05,-1.258801484375000000e+05,1.366683984375000000e+04,-1.875000156250000000e+05,4.651082812500000000e+04,-1.230653750000000000e+05,-1.320361406250000000e+05
4.545284652164999898e+03,-1.875000156250000000e+05,-1.232474531250000000e+05,-1.258633437500000000e+05,1.366865039062500000e+04,-1.875000156250000000e+05,4.651114062500000000e+04,-1.230377031250000000e+05,-1.320052031250000000e+05
4.545285121029000038e+03,-1.875000156250000000e+05,-1.231934062500000000e+05,-1.258033750000000000e+05,1.363655371093750000e+04,-1.875000156250000000e+05,4.647620703125000000e+04,-1.229951484375000000e+05,-1.320039062500000000e+05
4.545285750744999859e+03,-1.875000156250000000e+05,-1.231352265625000000e+05,-1.257610156250000000e+05,1.361022265625000000e+04,-1.875000156250000000e+05,4.645085937500000000e+04,-1.229808828125000000e+05,-1.320198437500000000e+05
4.545286234277000403e+03,-1.875000156250000000e+05,-1.231327890625000000e+05,-1.257908593750000000e+05,1.360760839843750000e+04,-1.875000156250000000e+05,4.645179687500000000e+04,-1.230236250000000000e+05,-1.320495000000000000e+05
4.545338488471999881e+03,-1.875000156250000000e+05,-1.232263281250000000e+05,-1.258748359375000000e+05,1.367320996093750000e+04,-1.875000156250000000e+05,4.651948046875000000e+04,-1.230642812500000000e+05,-1.320345312500000000e+05
4.545339001827999709e+03,-1.875000156250000000e+05,-1.232431796875000000e+05,-1.258536875000000000e+05,1.368069824218750000e+04,-1.875000156250000000e+05,4.652567187500000000e+04,-1.230265078125000000e+05,-1.319917656250000000e+05
4.545339457981000123e+03,-1.875000156250000000e+05,-1.231820468750000000e+05,-1.257854921875000000e+05,1.363840820312500000e+04,-1.875000156250000000e+05,4.648416406250000000e+04,-1.229877656250000000e+05,-1.319930625000000000e+05
4.545340268592999564e+03,-1.875000156250000000e+05,-1.231224375000000000e+05,-1.257462187500000000e+05,1.361084863281250000e+04,-1.875000156250000000e+05,4.645544140625000000e+04,-1.229755859375000000e+05,-1.320177812500000000e+05
4.545340733545999683e+03,-1.875000156250000000e+05,-1.231257500000000000e+05,-1.257751640625000000e+05,1.362231542968750000e+04,-1.875000156250000000e+05,4.646802343750000000e+04,-1.230084687500000000e+05,-1.320408125000000000e+05
4.545341384284999549e+03,-1.875000156250000000e+05,-1.232112421875000000e+05,-1.258574453125000000e+05,1.367913378906250000e+04,-1.875000156250000000e+05,4.652743750000000000e+04,-1.230495078125000000e+05,-1.320234218750000000e+05
4.545341854616999626e+03,-1.875000156250000000e+05,-1.232270000000000000e+05,-1.258435156250000000e+05,1.368096679687500000e+04,-1.875000156250000000e+05,4.652935937500000000e+04,-1.230208515625000000e+05,-1.319878593750000000e+05
4.545342483843999617e+03,-1.875000156250000000e+05,-1.231718828125000000e+05,-1.257804218750000000e+05,1.364050976562500000e+04,-1.875000156250000000e+05,4.648986328125000000e+04,-1.229821171875000000e+05,-1.319903437500000000e+05
4.545342956131000392e+03,-1.875000156250000000e+05,-1.231116875000000000e+05,-1.257426640625000000e+05,1.359971777343750000e+04,-1.875000156250000000e+05,4.645007812500000000e+04,-1.229746484375000000e+05,-1.320187968750000000e+05
4.545343410327999663e+03,-1.875000156250000000e+05,-1.231143046875000000e+05,-1.257800390625000000e+05,1.359567187500000000e+04,-1.875000156250000000e+05,4.644696875000000000e+04,-1.230181484375000000e+05,-1.320539687500000000e+05
4.545344126580999728e+03,-1.875000156250000000e+05,-1.232121171875000000e+05,-1.258719921875000000e+05,1.366757812500000000e+04,-1.875000156250000000e+05,4.652084375000000000e+04,-1.230629375000000000e+05,-1.320399375000000000e+05
4.545344593490000079e+03,-1.875000156250000000e+05,-1.232233125000000000e+05,-1.258491718750000000e+05,1.367010351562500000e+04,-1.875000156250000000e+05,4.652131250000000000e+04,-1.230255859375000000e+05,-1.319957968750000000e+05
4.545345240806000220e+03,-1.875000156250000000e+05,-1.231594531250000000e+05,-1.257939609375000000e+05,1.360749609375000000e+04,-1.875000156250000000e+05,4.645819140625000000e+04,-1.230005781250000000e+05,-1.320198125000000000e+05
4.545345710159999726e+03,-1.875000156250000000e+05,-1.231137421875000000e+05,-1.257646406250000000e+05,1.358232812500000000e+04,-1.875000156250000000e+05,4.643282031250000000e+04,-1.229949453125000000e+05,-1.320452031250000000e+05
4.545346355521000078e+03,-1.875000156250000000e+05,-1.231284296875000000e+05,-1.257955312500000000e+05,1.360123730468750000e+04,-1.875000156250000000e+05,4.645235546875000000e+04,-1.230276640625000000e+05,-1.320642968750000000e+05
4.545398402417999932e+03,-1.875000156250000000e+05,-1.232196015625000000e+05,-1.258743437500000000e+05,1.366576757812500000e+04,-1.875000156250000000e+05,4.651835937500000000e+04,-1.230641484375000000e+05,-1.320425781250000000e+05
4.545398913328999697e+03,-1.875000156250000000e+05,-1.232279375000000000e+05,-1.258577812500000000e+05,1.365745214843750000e+04,-1.875000156250000000e+05,4.650767578125000000e+04,-1.230355312500000000e+05,-1.320111250000000000e+05
4.545399611492000076e+03,-1.875000156250000000e+05,-1.231724609375000000e+05,-1.258044921875000000e+05,1.360452343750000000e+04,-1.875000156250000000e+05,4.645260156250000000e+04,-1.230080390625000000e+05,-1.320295000000000000e+05
4.545400133647999610e+03,-1.875000156250000000e+05,-1.231223750000000000e+05,-1.257769062500000000e+05,1.357256054687500000e+04,-1.875000156250000000e+05,4.642101953125000000e+04,-1.230098750000000000e+05,-1.320638906250000000e+05
4.545400765319000129e+03,-1.875000156250000000e+05,-1.231324062500000000e+05,-1.258042421875000000e+05,1.358697753906250000e+04,-1.875000156250000000e+05,4.643695703125000000e+04,-1.230395546875000000e+05,-1.320796250000000000e+05
4.545401242984000419e+03,-1.875000156250000000e+05,-1.232185937500000000e+05,-1.258878203125000000e+05,1.364046484375000000e+04,-1.875000156250000000e+05,4.649305859375000000e+04,-1.230817812500000000e+05,-1.320717031250000000e+05
4.545401702070999818e+03,-1.875000156250000000e+05,-1.232476953125000000e+05,-1.258693359375000000e+05,1.367486425781250000e+04,-1.875000156250000000e+05,4.652803906250000000e+04,-1.230419296875000000e+05,-1.320135312500000000e+05
4.545402395344999604e+03,-1.875000156250000000e+05,-1.231797500000000000e+05,-1.257964218750000000e+05,1.362776953125000000e+04,-1.875000156250000000e+05,4.648094531250000000e+04,-1.229985625000000000e+05,-1.320156093750000000e+05
4.545402876432000085e+03,-1.875000156250000000e+05,-1.231131875000000000e+05,-1.257500859375000000e+05,1.359227441406250000e+04,-1.875000156250000000e+05,4.644692578125000000e+04,-1.229863593750000000e+05,-1.320393750000000000e+05
4.545405115149999801e+03,-1.875000156250000000e+05,-1.231078437500000000e+05,-1.257830546875000000e+05,1.357752246093750000e+04,-1.875000156250000000e+05,4.643393750000000000e+04,-1.230303046875000000e+05,-1.320813593750000000e+05
4.545405714554000042e+03,-1.875000156250000000e+05,-1.232049375000000000e+05,-1.258769765625000000e+05,1.363793945312500000e+04,-1.875000156250000000e+05,4.649748437500000000e+04,-1.230825156250000000e+05,-1.320734843750000000e+05
4.545406178039999759e+03,-1.875000156250000000e+05,-1.232229062500000000e+05,-1.258633203125000000e+05,1.363610644531250000e+04,-1.875000156250000000e+05,4.649527343750000000e+04,-1.230557656250000000e+05,-1.320374687500000000e+05
4.545406814601000406e+03,-1.875000156250000000e+05,-1.231722812500000000e+05,-1.258074453125000000e+05,1.359929296875000000e+04,-1.875000156250000000e+05,4.645852734375000000e+04,-1.230230390625000000e+05,-1.320436250000000000e+05
4.545407290309999553e+03,-1.875000156250000000e+05,-1.231132109375000000e+05,-1.257687031250000000e+05,1.356131738281250000e+04,-1.875000156250000000e+05,4.642113281250000000e+04,-1.230126484375000000e+05,-1.320673906250000000e+05
4.545407754775000285e+03,-1.875000156250000000e+05,-1.231253906250000000e+05,-1.258032187500000000e+05,1.356849218750000000e+04,-1.875000156250000000e+05,4.643045312500000000e+04,-1.230552031250000000e+05,-1.320960156250000000e+05
4.545457472506000158e+03,-1.875000156250000000e+05,-1.232177031250000000e+05,-1.258867265625000000e+05,1.362683007812500000e+04,-1.875000156250000000e+05,4.649095703125000000e+04,-1.230977812500000000e+05,-1.320826562500000000e+05
4.545457984394000050e+03,-1.875000156250000000e+05,-1.232318984375000000e+05,-1.258702734375000000e+05,1.362908789062500000e+04,-1.875000156250000000e+05,4.649464453125000000e+04,-1.230661328125000000e+05,-1.320449218750000000e+05
4.545458446413999809e+03,-1.875000156250000000e+05,-1.231827421875000000e+05,-1.258115546875000000e+05,1.359692382812500000e+04,-1.875000156250000000e+05,4.646420312500000000e+04,-1.230310390625000000e+05,-1.320454375000000000e+05
4.545459195424000427e+03,-1.875000156250000000e+05,-1.231295937500000000e+05,-1.257643046875000000e+05,1.358474218750000000e+04,-1.875000156250000000e+05,4.645291406250000000e+04,-1.230079765625000000e+05,-1.320487812500000000e+05
4.545459665266000229e+03,-1.875000156250000000e+05,-1.231136953125000000e+05,-1.257863671875000000e+05,1.356632421875000000e+04,-1.875000156250000000e+05,4.643543750000000000e+04,-1.230417968750000000e+05,-1.320820937500000000e+05
4.545460361962999741e+03,-1.875000156250000000e+05,-1.232055000000000000e+05,-1.258871953125000000e+05,1.361484960937500000e+04,-1.875000156250000000e+05,4.648532421875000000e+04,-1.231021015625000000e+05,-1.320909218750000000e+05
4.545460832783000114e+03,-1.875000156250000000e+05,-1.232434765625000000e+05,-1.258769531250000000e+05,1.363706738281250000e+04,-1.875000156250000000e+05,4.650457031250000000e+04,-1.230693046875000000e+05,-1.320433750000000000e+05
4.545461473254999873e+03,-1.875000156250000000e+05,-1.231874843750000000e+05,-1.258161171875000000e+05,1.358865332031250000e+04,-1.875000156250000000e+05,4.645463671875000000e+04,-1.230364765625000000e+05,-1.320518906250000000e+05
4.545461951408999994e+03,-1.875000156250000000e+05,-1.231321406250000000e+05,-1.257823437500000000e+05,1.356060253906250000e+04,-1.875000156250000000e+05,4.642539843750000000e+04,-1.230228203125000000e+05,-1.320711562500000000e+05
4.545462412939999922e+03,-1.875000156250000000e+05,-1.231346640625000000e+05,-1.258138125000000000e+05,1.357251562500000000e+04,-1.875000156250000000e+05,4.644135937500000000e+04,-1.230601015625000000e+05,-1.320959062500000000e+05
4.545463104747000216e+03,-1.875000156250000000e+05,-1.232185546875000000e+05,-1.258945937500000000e+05,1.362911035156250000e+04,-1.875000156250000000e+05,4.650121875000000000e+04,-1.231005078125000000e+05,-1.320818593750000000e+05
4.545463571166999827e+03,-1.875000156250000000e+05,-1.232356718750000000e+05,-1.258850468750000000e+05,1.362922167968750000e+04,-1.875000156250000000e+05,4.650208984375000000e+04,-1.230708515625000000e+05,-1.320459687500000000e+05
4.545464219950000370e+03,-1.875000156250000000e+05,-1.231856953125000000e+05,-1.258308437500000000e+05,1.358532324218750000e+04,-1.875000156250000000e+05,4.645615625000000000e+04,-1.230409453125000000e+05,-1.320574375000000000e+05
4.545464680502999727e+03,-1.875000156250000000e+05,-1.231355781250000000e+05,-1.257946562500000000e+05,1.356151855468750000e+04,-1.875000156250000000e+05,4.643223828125000000e+04,-1.230290078125000000e+05,-1.320757656250000000e+05
4.545465322441999888e+03,-1.875000156250000000e+05,-1.231427812500000000e+05,-1.258231562500000000e+05,1.358346777343750000e+04,-1.875000156250000000e+05,4.645640234375000000e+04,-1.230581328125000000e+05,-1.320925312500000000e+05
4.545518416095000248e+03,-1.875000156250000000e+05,-1.232229531250000000e+05,-1.258996875000000000e+05,1.363881054687500000e+04,-1.875000156250000000e+05,4.651163281250000000e+04,-1.230938046875000000e+05,-1.320743750000000000e+05
4.545518976385999849e+03,-1.875000156250000000e+05,-1.232442109375000000e+05,-1.258978515625000000e+05,1.363454199218750000e+04,-1.875000156250000000e+05,4.650539843750000000e+04,-1.230746718750000000e+05,-1.320514843750000000e+05
4.545519692638999913e+03,-1.875000156250000000e+05,-1.232085859375000000e+05,-1.258466484375000000e+05,1.360845703125000000e+04,-1.875000156250000000e+05,4.647848437500000000e+04,-1.230398906250000000e+05,-1.320481093750000000e+05
4.545520215284000187e+03,-1.875000156250000000e+05,-1.231580703125000000e+05,-1.258085156250000000e+05,1.358103125000000000e+04,-1.875000156250000000e+05,4.645195312500000000e+04,-1.230271328125000000e+05,-1.320670000000000000e+05
4.545520783885999663e+03,-1.875000156250000000e+05,-1.231555000000000000e+05,-1.258335937500000000e+05,1.357488476562500000e+04,-1.875000156250000000e+05,4.644779687500000000e+04,-1.230614218750000000e+05,-1.320946562500000000e+05
4.545521198481000283e+03,-1.875000156250000000e+05,-1.232542656250000000e+05,-1.259336875000000000e+05,1.363125585937500000e+04,-1.875000156250000000e+05,4.650776562500000000e+04,-1.231198437500000000e+05,-1.320971093750000000e+05
4.545521748504999778e+03,-1.875000156250000000e+05,-1.232957109375000000e+05,-1.259241640625000000e+05,1.367126562500000000e+04,-1.875000156250000000e+05,4.654849218750000000e+04,-1.230809765625000000e+05,-1.320350000000000000e+05
4.545522167500999785e+03,-1.875000156250000000e+05,-1.232397421875000000e+05,-1.258534453125000000e+05,1.364565039062500000e+04,-1.875000156250000000e+05,4.652113281250000000e+04,-1.230301250000000000e+05,-1.320228593750000000e+05
4.545522568895999939e+03,-1.875000156250000000e+05,-1.231743593750000000e+05,-1.258098593750000000e+05,1.360476953125000000e+04,-1.875000156250000000e+05,4.648206250000000000e+04,-1.230175625000000000e+05,-1.320434218750000000e+05
4.545523197145000267e+03,-1.875000156250000000e+05,-1.231883515625000000e+05,-1.258413750000000000e+05,1.362859667968750000e+04,-1.875000156250000000e+05,4.651105078125000000e+04,-1.230495078125000000e+05,-1.320600000000000000e+05
4.545523607828999957e+03,-1.875000156250000000e+05,-1.232729296875000000e+05,-1.259182812500000000e+05,1.368534765625000000e+04,-1.875000156250000000e+05,4.657059765625000000e+04,-1.230853125000000000e+05,-1.320378750000000000e+05
4.545524016557999857e+03,-1.875000156250000000e+05,-1.232979453125000000e+05,-1.259097265625000000e+05,1.370063574218750000e+04,-1.875000156250000000e+05,4.658521484375000000e+04,-1.230573984375000000e+05,-1.319985468750000000e+05
4.545524643339999784e+03,-1.875000156250000000e+05,-1.232460000000000000e+05,-1.258467343750000000e+05,1.366979003906250000e+04,-1.875000156250000000e+05,4.655383203125000000e+04,-1.230129609375000000e+05,-1.319926562500000000e+05
4.545525052558000425e+03,-1.875000156250000000e+05,-1.231869453125000000e+05,-1.258043359375000000e+05,1.364279003906250000e+04,-1.875000156250000000e+05,4.652578125000000000e+04,-1.229970468750000000e+05,-1.320078437500000000e+05
4.545525612847999582e+03,-1.875000156250000000e+05,-1.231840859375000000e+05,-1.258296562500000000e+05,1.364775195312500000e+04,-1.875000156250000000e+05,4.653344921875000000e+04,-1.230278437500000000e+05,-1.320308750000000000e+05
4.545526027443999737e+03,-1.875000156250000000e+05,-1.232748750000000000e+05,-1.259157812500000000e+05,1.371409179687500000e+04,-1.875000156250000000e+05,4.660213671875000000e+04,-1.230680546875000000e+05,-1.320127343750000000e+05
4.545579776237000260e+03,-1.875000156250000000e+05,-1.232970468750000000e+05,-1.259019921875000000e+05,1.373060937500000000e+04,-1.875000156250000000e+05,4.661780468750000000e+04,-1.230365390625000000e+05,-1.319694218750000000e+05
4.545580451421000362e+03,-1.875000156250000000e+05,-1.232412343750000000e+05,-1.258344453125000000e+05,1.369486914062500000e+04,-1.875000156250000000e+05,4.658325000000000000e+04,-1.229925546875000000e+05,-1.319614375000000000e+05
4.545580861616000220e+03,-1.875000156250000000e+05,-1.231803281250000000e+05,-1.257996406250000000e+05,1.364893652343750000e+04,-1.875000156250000000e+05,4.653854296875000000e+04,-1.229865390625000000e+05,-1.319954531250000000e+05
4.545581277190000037e+03,-1.875000156250000000e+05,-1.231900546875000000e+05,-1.258251640625000000e+05,1.367191406250000000e+04,-1.875000156250000000e+05,4.656523437500000000e+04,-1.230147500000000000e+05,-1.320075937500000000e+05
4.545581891261000237e+03,-1.875000156250000000e+05,-1.232630312500000000e+05,-1.258907031250000000e+05,1.371802539062500000e+04,-1.875000156250000000e+05,4.661554687500000000e+04,-1.230516953125000000e+05,-1.319895156250000000e+05
4.545582295100000010e+03,-1.875000156250000000e+05,-1.232905703125000000e+05,-1.258812500000000000e+05,1.372962597656250000e+04,-1.875000156250000000e+05,4.663000781250000000e+04,-1.230315078125000000e+05,-1.319576406250000000e+05
4.545582856369000183e+03,-1.875000156250000000e+05,-1.232355859375000000e+05,-1.258073984375000000e+05,1.370448046875000000e+04,-1.875000156250000000e+05,4.660568750000000000e+04,-1.229792968750000000e+05,-1.319399375000000000e+05
4.545583271941999556e+03,-1.875000156250000000e+05,-1.231641718750000000e+05,-1.257572656250000000e+05,1.366507421875000000e+04,-1.875000156250000000e+05,4.656805078125000000e+04,-1.229635390625000000e+05,-1.319622187500000000e+05
4.545583671381000386e+03,-1.875000156250000000e+05,-1.231584218750000000e+05,-1.257788281250000000e+05,1.366909765625000000e+04,-1.875000156250000000e+05,4.657484375000000000e+04,-1.229935156250000000e+05,-1.319864062500000000e+05
4.545584308919999785e+03,-1.875000156250000000e+05,-1.232497343750000000e+05,-1.258615546875000000e+05,1.373912597656250000e+04,-1.875000156250000000e+05,4.664623437500000000e+04,-1.230337031250000000e+05,-1.319710468750000000e+05
4.545584715203999622e+03,-1.875000156250000000e+05,-1.232749453125000000e+05,-1.258472968750000000e+05,1.375390039062500000e+04,-1.875000156250000000e+05,4.666071875000000000e+04,-1.229987031250000000e+05,-1.319271875000000000e+05
4.545585276472000260e+03,-1.875000156250000000e+05,-1.232151562500000000e+05,-1.257807500000000000e+05,1.370828027343750000e+04,-1.875000156250000000e+05,4.661489843750000000e+04,-1.229592734375000000e+05,-1.319286875000000000e+05
4.545585689601000013e+03,-1.875000156250000000e+05,-1.231565703125000000e+05,-1.257470234375000000e+05,1.367240527343750000e+04,-1.875000156250000000e+05,4.658050000000000000e+04,-1.229533046875000000e+05,-1.319559375000000000e+05
4.545586095884999850e+03,-1.875000156250000000e+05,-1.231604140625000000e+05,-1.257786328125000000e+05,1.368168164062500000e+04,-1.875000156250000000e+05,4.658973046875000000e+04,-1.229812890625000000e+05,-1.319751093750000000e+05
4.545586733424000158e+03,-1.875000156250000000e+05,-1.232464453125000000e+05,-1.258620703125000000e+05,1.373744921875000000e+04,-1.875000156250000000e+05,4.664639062500000000e+04,-1.230222578125000000e+05,-1.319661250000000000e+05
4.545639779653000005e+03,-1.875000156250000000e+05,-1.232710078125000000e+05,-1.258539296875000000e+05,1.375349804687500000e+04,-1.875000156250000000e+05,4.666319921875000000e+04,-1.229946328125000000e+05,-1.319269531250000000e+05
4.545640315009000005e+03,-1.875000156250000000e+05,-1.232280703125000000e+05,-1.257902500000000000e+05,1.374019824218750000e+04,-1.875000156250000000e+05,4.664762109375000000e+04,-1.229445859375000000e+05,-1.319131718750000000e+05
4.545641005839000172e+03,-1.875000156250000000e+05,-1.231576640625000000e+05,-1.257369453125000000e+05,1.370030078125000000e+04,-1.875000156250000000e+05,4.660598046875000000e+04,-1.229209375000000000e+05,-1.319291406250000000e+05
4.545641469324999889e+03,-1.875000156250000000e+05,-1.231528593750000000e+05,-1.257668281250000000e+05,1.370421191406250000e+04,-1.875000156250000000e+05,4.661300000000000000e+04,-1.229590468750000000e+05,-1.319629062500000000e+05
4.545642109796999648e+03,-1.875000156250000000e+05,-1.232410390625000000e+05,-1.258424687500000000e+05,1.377736914062500000e+04,-1.875000156250000000e+05,4.668646875000000000e+04,-1.229905859375000000e+05,-1.319373437500000000e+05
4.545642577683999662e+03,-1.875000156250000000e+05,-1.232589609375000000e+05,-1.258306406250000000e+05,1.378539355468750000e+04,-1.875000156250000000e+05,4.669453906250000000e+04,-1.229587109375000000e+05,-1.318977968750000000e+05
4.545643192243999692e+03,-1.875000156250000000e+05,-1.232069296875000000e+05,-1.257654843750000000e+05,1.376073925781250000e+04,-1.875000156250000000e+05,4.666972656250000000e+04,-1.229096953125000000e+05,-1.318864531250000000e+05
4.545643674797999665e+03,-1.875000156250000000e+05,-1.231318515625000000e+05,-1.257155546875000000e+05,1.370915234375000000e+04,-1.875000156250000000e+05,4.661608203125000000e+04,-1.228961718750000000e+05,-1.319149062500000000e+05
4.545644144640000377e+03,-1.875000156250000000e+05,-1.231334140625000000e+05,-1.257482734375000000e+05,1.371561132812500000e+04,-1.875000156250000000e+05,4.662526953125000000e+04,-1.229388437500000000e+05,-1.319478281250000000e+05
4.545644850626000334e+03,-1.875000156250000000e+05,-1.232200703125000000e+05,-1.258300859375000000e+05,1.377419531250000000e+04,-1.875000156250000000e+05,4.668655859375000000e+04,-1.229817343750000000e+05,-1.319353437500000000e+05
4.545645322424000369e+03,-1.875000156250000000e+05,-1.232453984375000000e+05,-1.258178828125000000e+05,1.379189843750000000e+04,-1.875000156250000000e+05,4.670354687500000000e+04,-1.229496406250000000e+05,-1.318908437500000000e+05
4.545646020098000008e+03,-1.875000156250000000e+05,-1.231841093750000000e+05,-1.257508281250000000e+05,1.374368554687500000e+04,-1.875000156250000000e+05,4.665658593750000000e+04,-1.229110546875000000e+05,-1.318971718750000000e+05
4.545646506074000172e+03,-1.875000156250000000e+05,-1.231206953125000000e+05,-1.257071250000000000e+05,1.369701464843750000e+04,-1.875000156250000000e+05,4.661103125000000000e+04,-1.229027656250000000e+05,-1.319245937500000000e+05
4.545647150947000227e+03,-1.875000156250000000e+05,-1.231248281250000000e+05,-1.257411875000000000e+05,1.370309472656250000e+04,-1.875000156250000000e+05,4.661858593750000000e+04,-1.229437343750000000e+05,-1.319561875000000000e+05
4.545647621766999691e+03,-1.875000156250000000e+05,-1.232144843750000000e+05,-1.258230625000000000e+05,1.376306445312500000e+04,-1.875000156250000000e+05,4.668074609375000000e+04,-1.229846406250000000e+05,-1.319405312500000000e+05
4.545699750800999936e+03,-1.875000156250000000e+05,-1.232470937500000000e+05,-1.258148593750000000e+05,1.378639941406250000e+04,-1.875000156250000000e+05,4.670508593750000000e+04,-1.229550468750000000e+05,-1.318985000000000000e+05
4.545700530611999966e+03,-1.875000156250000000e+05,-1.231852031250000000e+05,-1.257421093750000000e+05,1.374091406250000000e+04,-1.875000156250000000e+05,4.665946875000000000e+04,-1.229067656250000000e+05,-1.318955625000000000e+05
4.545700997521000318e+03,-1.875000156250000000e+05,-1.231210937500000000e+05,-1.257033046875000000e+05,1.370021093750000000e+04,-1.875000156250000000e+05,4.661878906250000000e+04,-1.229012421875000000e+05,-1.319277812500000000e+05
4.545701629682000203e+03,-1.875000156250000000e+05,-1.231190859375000000e+05,-1.257284765625000000e+05,1.370915234375000000e+04,-1.875000156250000000e+05,4.662804296875000000e+04,-1.229325625000000000e+05,-1.319501875000000000e+05
4.545702103923999857e+03,-1.875000156250000000e+05,-1.232056953125000000e+05,-1.258060781250000000e+05,1.377187109375000000e+04,-1.875000156250000000e+05,4.669525390625000000e+04,-1.229735078125000000e+05,-1.319326406250000000e+05
4.545702570833000209e+03,-1.875000156250000000e+05,-1.232255937500000000e+05,-1.257963515625000000e+05,1.377432910156250000e+04,-1.875000156250000000e+05,4.669956640625000000e+04,-1.229515625000000000e+05,-1.318990468750000000e+05
4.545703280241000357e+03,-1.875000156250000000e+05,-1.231722187500000000e+05,-1.257374843750000000e+05,1.373052050781250000e+04,-1.875000156250000000e+05,4.665631640625000000e+04,-1.229174062500000000e+05,-1.319052656250000000e+05
4.545703746660999968e+03,-1.875000156250000000e+05,-1.231140781250000000e+05,-1.256954609375000000e+05,1.369777441406250000e+04,-1.875000156250000000e+05,4.662238671875000000e+04,-1.229014218750000000e+05,-1.319254687500000000e+05
4.545704406689000280e+03,-1.875000156250000000e+05,-1.231036171875000000e+05,-1.257220546875000000e+05,1.368454296875000000e+04,-1.875000156250000000e+05,4.660951171875000000e+04,-1.229400937500000000e+05,-1.319630000000000000e+05
4.545704873597999722e+03,-1.875000156250000000e+05,-1.232030859375000000e+05,-1.258159375000000000e+05,1.375018945312500000e+04,-1.875000156250000000e+05,4.667634375000000000e+04,-1.229887734375000000e+05,-1.319533906250000000e+05
4.545705501847999585e+03,-1.875000156250000000e+05,-1.232366562500000000e+05,-1.258109296875000000e+05,1.376684179687500000e+04,-1.875000156250000000e+05,4.669277343750000000e+04,-1.229621328125000000e+05,-1.319124687500000000e+05
4.545705980001000171e+03,-1.875000156250000000e+05,-1.231825234375000000e+05,-1.257406562500000000e+05,1.373076562500000000e+04,-1.875000156250000000e+05,4.665598046875000000e+04,-1.229154375000000000e+05,-1.319071718750000000e+05
4.545706440066000141e+03,-1.875000156250000000e+05,-1.231202500000000000e+05,-1.257035937500000000e+05,1.369131542968750000e+04,-1.875000156250000000e+05,4.661710937500000000e+04,-1.229058515625000000e+05,-1.319388906250000000e+05
4.545707141161999971e+03,-1.875000156250000000e+05,-1.231193984375000000e+05,-1.257273359375000000e+05,1.369569628906250000e+04,-1.875000156250000000e+05,4.662446484375000000e+04,-1.229383046875000000e+05,-1.319620468750000000e+05
4.545707604649000132e+03,-1.875000156250000000e+05,-1.232058515625000000e+05,-1.258122890625000000e+05,1.375758789062500000e+04,-1.875000156250000000e+05,4.668948437500000000e+04,-1.229853750000000000e+05,-1.319513281250000000e+05
4.545758787153999947e+03,-1.875000156250000000e+05,-1.232311093750000000e+05,-1.258053593750000000e+05,1.377030664062500000e+04,-1.875000156250000000e+05,4.670148828125000000e+04,-1.229595390625000000e+05,-1.319102500000000000e+05
4.545759218860999681e+03,-1.875000156250000000e+05,-1.231861406250000000e+05,-1.257429609375000000e+05,1.374147265625000000e+04,-1.875000156250000000e+05,4.667437500000000000e+04,-1.229140312500000000e+05,-1.318975156250000000e+05
4.545759652034999817e+03,-1.875000156250000000e+05,-1.231183046875000000e+05,-1.257024296875000000e+05,1.368550390625000000e+04,-1.875000156250000000e+05,4.661905468750000000e+04,-1.229088203125000000e+05,-1.319354218750000000e+05
4.545760351175999858e+03,-1.875000156250000000e+05,-1.231305937500000000e+05,-1.257367656250000000e+05,1.370964355468750000e+04,-1.875000156250000000e+05,4.664406640625000000e+04,-1.229426406250000000e+05,-1.319582656250000000e+05
4.545760760393999590e+03,-1.875000156250000000e+05,-1.232093203125000000e+05,-1.258119765625000000e+05,1.376089648437500000e+04,-1.875000156250000000e+05,4.669742187500000000e+04,-1.229812187500000000e+05,-1.319445312500000000e+05
4.545761327528999573e+03,-1.875000156250000000e+05,-1.232358984375000000e+05,-1.258077734375000000e+05,1.376717675781250000e+04,-1.875000156250000000e+05,4.670216015625000000e+04,-1.229610625000000000e+05,-1.319140312500000000e+05
4.545761738702000002e+03,-1.875000156250000000e+05,-1.231920859375000000e+05,-1.257508046875000000e+05,1.373604101562500000e+04,-1.875000156250000000e+05,4.667006250000000000e+04,-1.229264609375000000e+05,-1.319147656250000000e+05
4.545762145964000410e+03,-1.875000156250000000e+05,-1.231318281250000000e+05,-1.257051406250000000e+05,1.370533007812500000e+04,-1.875000156250000000e+05,4.663787500000000000e+04,-1.229061406250000000e+05,-1.319284687500000000e+05
4.545762763945999723e+03,-1.875000156250000000e+05,-1.231198203125000000e+05,-1.257305937500000000e+05,1.369634472656250000e+04,-1.875000156250000000e+05,4.662868750000000000e+04,-1.229408281250000000e+05,-1.319666875000000000e+05
4.545763169253000342e+03,-1.875000156250000000e+05,-1.232085625000000000e+05,-1.258206328125000000e+05,1.374820019531250000e+04,-1.875000156250000000e+05,4.668331640625000000e+04,-1.229917265625000000e+05,-1.319669062500000000e+05
4.545763736877000156e+03,-1.875000156250000000e+05,-1.232418671875000000e+05,-1.258231562500000000e+05,1.376002441406250000e+04,-1.875000156250000000e+05,4.669739843750000000e+04,-1.229723046875000000e+05,-1.319335625000000000e+05
4.545764163206000376e+03,-1.875000156250000000e+05,-1.231985703125000000e+05,-1.257633828125000000e+05,1.373693554687500000e+04,-1.875000156250000000e+05,4.667529296875000000e+04,-1.229319140625000000e+05,-1.319225937500000000e+05
4.545764566068000022e+03,-1.875000156250000000e+05,-1.231354453125000000e+05,-1.257130468750000000e+05,1.370644726562500000e+04,-1.875000156250000000e+05,4.664533984375000000e+04,-1.229123359375000000e+05,-1.319358906250000000e+05
4.545765199206000034e+03,-1.875000156250000000e+05,-1.231245859375000000e+05,-1.257307343750000000e+05,1.370633593750000000e+04,-1.875000156250000000e+05,4.664956640625000000e+04,-1.229439609375000000e+05,-1.319643437500000000e+05
4.545765610868000294e+03,-1.875000156250000000e+05,-1.232067968750000000e+05,-1.258128515625000000e+05,1.377008300781250000e+04,-1.875000156250000000e+05,4.671610546875000000e+04,-1.229867187500000000e+05,-1.319484218750000000e+05
4.545819764478000252e+03,-1.875000156250000000e+05,-1.232351328125000000e+05,-1.258053437500000000e+05,1.379140625000000000e+04,-1.875000156250000000e+05,4.673356250000000000e+04,-1.229559843750000000e+05,-1.319024218750000000e+05
4.545820526200000131e+03,-1.875000156250000000e+05,-1.231792109375000000e+05,-1.257401171875000000e+05,1.375564355468750000e+04,-1.875000156250000000e+05,4.669565625000000000e+04,-1.229108828125000000e+05,-1.318962187500000000e+05
4.545820991642000081e+03,-1.875000156250000000e+05,-1.231110625000000000e+05,-1.257026093750000000e+05,1.370347460937500000e+04,-1.875000156250000000e+05,4.663984375000000000e+04,-1.229024531250000000e+05,-1.319302812500000000e+05
4.545821637492000264e+03,-1.875000156250000000e+05,-1.231157812500000000e+05,-1.257318515625000000e+05,1.370582128906250000e+04,-1.875000156250000000e+05,4.664248046875000000e+04,-1.229395312500000000e+05,-1.319616093750000000e+05
4.545822104890000446e+03,-1.875000156250000000e+05,-1.232014062500000000e+05,-1.258191796875000000e+05,1.374605468750000000e+04,-1.875000156250000000e+05,4.668644531250000000e+04,-1.229940937500000000e+05,-1.319646093750000000e+05
4.545822730204999971e+03,-1.875000156250000000e+05,-1.232502031250000000e+05,-1.258272265625000000e+05,1.378624316406250000e+04,-1.875000156250000000e+05,4.672683593750000000e+04,-1.229696640625000000e+05,-1.319180937500000000e+05
4.545823207381000429e+03,-1.875000156250000000e+05,-1.231951250000000000e+05,-1.257514765625000000e+05,1.375177636718750000e+04,-1.875000156250000000e+05,4.669136328125000000e+04,-1.229134062500000000e+05,-1.319020468750000000e+05
4.545823667446000400e+03,-1.875000156250000000e+05,-1.231288515625000000e+05,-1.257097187500000000e+05,1.370235742187500000e+04,-1.875000156250000000e+05,4.664147265625000000e+04,-1.229057421875000000e+05,-1.319364062500000000e+05
4.545824387120999745e+03,-1.875000156250000000e+05,-1.231369921875000000e+05,-1.257438046875000000e+05,1.372227246093750000e+04,-1.875000156250000000e+05,4.666257421875000000e+04,-1.229398437500000000e+05,-1.319616562500000000e+05
4.545824851585000033e+03,-1.875000156250000000e+05,-1.232192187500000000e+05,-1.258164687500000000e+05,1.379442382812500000e+04,-1.875000156250000000e+05,4.673475000000000000e+04,-1.229675859375000000e+05,-1.319328281250000000e+05
4.545825494501999856e+03,-1.875000156250000000e+05,-1.232291875000000000e+05,-1.258026562500000000e+05,1.379254589843750000e+04,-1.875000156250000000e+05,4.673253515625000000e+04,-1.229402500000000000e+05,-1.318965000000000000e+05
4.545825962877000165e+03,-1.875000156250000000e+05,-1.231782031250000000e+05,-1.257511640625000000e+05,1.374808886718750000e+04,-1.875000156250000000e+05,4.668783203125000000e+04,-1.229109687500000000e+05,-1.319087031250000000e+05
4.545826606771999650e+03,-1.875000156250000000e+05,-1.231259218750000000e+05,-1.257103203125000000e+05,1.372560253906250000e+04,-1.875000156250000000e+05,4.666503515625000000e+04,-1.228927109375000000e+05,-1.319223906250000000e+05
4.545827080525000383e+03,-1.875000156250000000e+05,-1.231165390625000000e+05,-1.257290546875000000e+05,1.372419433593750000e+04,-1.875000156250000000e+05,4.666387109375000000e+04,-1.229210468750000000e+05,-1.319474062500000000e+05
4.545827549878999889e+03,-1.875000156250000000e+05,-1.231904296875000000e+05,-1.258150859375000000e+05,1.375034570312500000e+04,-1.875000156250000000e+05,4.669084765625000000e+04,-1.229772187500000000e+05,-1.319583437500000000e+05
4.545879813362999812e+03,-1.875000156250000000e+05,-1.232318046875000000e+05,-1.258317578125000000e+05,1.375937597656250000e+04,-1.875000156250000000e+05,4.670030468750000000e+04,-1.229736875000000000e+05,-1.319372343750000000e+05
4.545880360453000321e+03,-1.875000156250000000e+05,-1.231948593750000000e+05,-1.257762187500000000e+05,1.373324707031250000e+04,-1.875000156250000000e+05,4.667520312500000000e+04,-1.229335625000000000e+05,-1.319301406250000000e+05
4.545881041505000212e+03,-1.875000156250000000e+05,-1.231384218750000000e+05,-1.257235546875000000e+05,1.371391308593750000e+04,-1.875000156250000000e+05,4.665625000000000000e+04,-1.229092500000000000e+05,-1.319370000000000000e+05
4.545881511835999845e+03,-1.875000156250000000e+05,-1.231181718750000000e+05,-1.257319140625000000e+05,1.369969726562500000e+04,-1.875000156250000000e+05,4.664536328125000000e+04,-1.229338359375000000e+05,-1.319646250000000000e+05
4.545882127861999834e+03,-1.875000156250000000e+05,-1.232034218750000000e+05,-1.258182578125000000e+05,1.374864746093750000e+04,-1.875000156250000000e+05,4.669978906250000000e+04,-1.229885078125000000e+05,-1.319649375000000000e+05
4.545882600148999700e+03,-1.875000156250000000e+05,-1.232396484375000000e+05,-1.258241640625000000e+05,1.376027050781250000e+04,-1.875000156250000000e+05,4.671223828125000000e+04,-1.229716328125000000e+05,-1.319324062500000000e+05
4.545883061679999628e+03,-1.875000156250000000e+05,-1.231933593750000000e+05,-1.257626953125000000e+05,1.372864257812500000e+04,-1.875000156250000000e+05,4.668027734375000000e+04,-1.229287578125000000e+05,-1.319252031250000000e+05
4.545883752509999795e+03,-1.875000156250000000e+05,-1.231300156250000000e+05,-1.257160234375000000e+05,1.368758203125000000e+04,-1.875000156250000000e+05,4.664294921875000000e+04,-1.229158671875000000e+05,-1.319536406250000000e+05
4.545884254620000320e+03,-1.875000156250000000e+05,-1.231276250000000000e+05,-1.257377734375000000e+05,1.369147167968750000e+04,-1.875000156250000000e+05,4.664780078125000000e+04,-1.229466171875000000e+05,-1.319794062500000000e+05
4.545884894603000248e+03,-1.875000156250000000e+05,-1.232125625000000000e+05,-1.258171640625000000e+05,1.374891601562500000e+04,-1.875000156250000000e+05,4.670676562500000000e+04,-1.229877656250000000e+05,-1.319620625000000000e+05
4.545885362001000431e+03,-1.875000156250000000e+05,-1.232262187500000000e+05,-1.258165390625000000e+05,1.372332324218750000e+04,-1.875000156250000000e+05,4.668369531250000000e+04,-1.229768828125000000e+05,-1.319465781250000000e+05
4.545885998562000168e+03,-1.875000156250000000e+05,-1.231961562500000000e+05,-1.257736015625000000e+05,1.369667968750000000e+04,-1.875000156250000000e+05,4.665837109375000000e+04,-1.229526562500000000e+05,-1.319527187500000000e+05
4.545886484048999591e+03,-1.875000156250000000e+05,-1.231461953125000000e+05,-1.257210312500000000e+05,1.367857421875000000e+04,-1.875000156250000000e+05,4.664017968750000000e+04,-1.229266796875000000e+05,-1.319542812500000000e+05
4.545887111809000089e+03,-1.875000156250000000e+05,-1.231283203125000000e+05,-1.257315546875000000e+05,1.367450683593750000e+04,-1.875000156250000000e+05,4.663890234375000000e+04,-1.229473359375000000e+05,-1.319775781250000000e+05
4.545887597296999957e+03,-1.875000156250000000e+05,-1.232090078125000000e+05,-1.258138593750000000e+05,1.373264355468750000e+04,-1.875000156250000000e+05,4.670262890625000000e+04,-1.229911406250000000e+05,-1.319659687500000000e+05
4.545939667173000089e+03,-1.875000156250000000e+05,-1.232316015625000000e+05,-1.258149765625000000e+05,1.372249609375000000e+04,-1.875000156250000000e+05,4.669147656250000000e+04,-1.229776015625000000e+05,-1.319422812500000000e+05
4.545940163416000360e+03,-1.875000156250000000e+05,-1.231881718750000000e+05,-1.257644609375000000e+05,1.368534765625000000e+04,-1.875000156250000000e+05,4.665296484375000000e+04,-1.229484531250000000e+05,-1.319516875000000000e+05
4.545940774554000200e+03,-1.875000156250000000e+05,-1.231362500000000000e+05,-1.257257500000000000e+05,1.365682617187500000e+04,-1.875000156250000000e+05,4.662357031250000000e+04,-1.229353515625000000e+05,-1.319765937500000000e+05
4.545941184749000058e+03,-1.875000156250000000e+05,-1.231285859375000000e+05,-1.257366328125000000e+05,1.366612500000000000e+04,-1.875000156250000000e+05,4.663201953125000000e+04,-1.229532343750000000e+05,-1.319900000000000000e+05
4.545941751884999576e+03,-1.875000156250000000e+05,-1.231935625000000000e+05,-1.258176796875000000e+05,1.368465429687500000e+04,-1.875000156250000000e+05,4.665262890625000000e+04,-1.230081328125000000e+05,-1.320036406250000000e+05
4.545942172347000451e+03,-1.875000156250000000e+05,-1.232390000000000000e+05,-1.258339921875000000e+05,1.369884765625000000e+04,-1.875000156250000000e+05,4.666856640625000000e+04,-1.230032343750000000e+05,-1.319804531250000000e+05
4.545942570809000244e+03,-1.875000156250000000e+05,-1.231956640625000000e+05,-1.257686640625000000e+05,1.367430566406250000e+04,-1.875000156250000000e+05,4.664292578125000000e+04,-1.229554062500000000e+05,-1.319658593750000000e+05
4.545943190257000424e+03,-1.875000156250000000e+05,-1.231327890625000000e+05,-1.257145000000000000e+05,1.365164062500000000e+04,-1.875000156250000000e+05,4.662182812500000000e+04,-1.229327421875000000e+05,-1.319779062500000000e+05
4.545943602897000346e+03,-1.875000156250000000e+05,-1.231114218750000000e+05,-1.257162031250000000e+05,1.365561914062500000e+04,-1.875000156250000000e+05,4.662667578125000000e+04,-1.229491875000000000e+05,-1.319930156250000000e+05
4.545944114296999942e+03,-1.875000156250000000e+05,-1.231725703125000000e+05,-1.257927812500000000e+05,1.368398339843750000e+04,-1.875000156250000000e+05,4.665240625000000000e+04,-1.229997031250000000e+05,-1.320023437500000000e+05
4.545944673121000051e+03,-1.875000156250000000e+05,-1.232029687500000000e+05,-1.258069296875000000e+05,1.368308984375000000e+04,-1.875000156250000000e+05,4.664963281250000000e+04,-1.229905625000000000e+05,-1.319835937500000000e+05
4.545945081361000121e+03,-1.875000156250000000e+05,-1.231608828125000000e+05,-1.257557656250000000e+05,1.364191796875000000e+04,-1.875000156250000000e+05,4.660993750000000000e+04,-1.229593828125000000e+05,-1.319889687500000000e+05
4.545945650452000336e+03,-1.875000156250000000e+05,-1.231152890625000000e+05,-1.257185234375000000e+05,1.362303027343750000e+04,-1.875000156250000000e+05,4.658986328125000000e+04,-1.229466640625000000e+05,-1.320075000000000000e+05
4.545946062113999687e+03,-1.875000156250000000e+05,-1.231014921875000000e+05,-1.257286484375000000e+05,1.362593652343750000e+04,-1.875000156250000000e+05,4.659375390625000000e+04,-1.229616875000000000e+05,-1.320189687500000000e+05
4.545946460574999946e+03,-1.875000156250000000e+05,-1.231675859375000000e+05,-1.258150000000000000e+05,1.364614257812500000e+04,-1.875000156250000000e+05,4.662006250000000000e+04,-1.230198203125000000e+05,-1.320327812500000000e+05
4.546000727612000446e+03,-1.875000156250000000e+05,-1.232150156250000000e+05,-1.258388906250000000e+05,1.365979882812500000e+04,-1.875000156250000000e+05,4.663519531250000000e+04,-1.230181640625000000e+05,-1.320087343750000000e+05
4.546001330926999799e+03,-1.875000156250000000e+05,-1.231790781250000000e+05,-1.257880625000000000e+05,1.362832812500000000e+04,-1.875000156250000000e+05,4.660233593750000000e+04,-1.229812187500000000e+05,-1.320032187500000000e+05
4.546001746988999912e+03,-1.875000156250000000e+05,-1.231301015625000000e+05,-1.257485703125000000e+05,1.359864453125000000e+04,-1.875000156250000000e+05,4.657160156250000000e+04,-1.229662890625000000e+05,-1.320234218750000000e+05
4.546002150340000298e+03,-1.875000156250000000e+05,-1.231244921875000000e+05,-1.257660937500000000e+05,1.360964160156250000e+04,-1.875000156250000000e+05,4.658201953125000000e+04,-1.229885546875000000e+05,-1.320409687500000000e+05
4.546002778099999887e+03,-1.875000156250000000e+05,-1.231961328125000000e+05,-1.258488125000000000e+05,1.364902539062500000e+04,-1.875000156250000000e+05,4.662120312500000000e+04,-1.230364765625000000e+05,-1.320443125000000000e+05
4.546003200518000085e+03,-1.875000156250000000e+05,-1.232424453125000000e+05,-1.258608828125000000e+05,1.366672851562500000e+04,-1.875000156250000000e+05,4.663962109375000000e+04,-1.230279609375000000e+05,-1.320142812500000000e+05
4.546003760808999687e+03,-1.875000156250000000e+05,-1.231978125000000000e+05,-1.257921093750000000e+05,1.364243164062500000e+04,-1.875000156250000000e+05,4.661449609375000000e+04,-1.229834765625000000e+05,-1.320018906250000000e+05
4.546004270252999959e+03,-1.875000156250000000e+05,-1.231181250000000000e+05,-1.257339296875000000e+05,1.358317773437500000e+04,-1.875000156250000000e+05,4.655345312500000000e+04,-1.229641406250000000e+05,-1.320303906250000000e+05
4.546004743518000396e+03,-1.875000156250000000e+05,-1.231023437500000000e+05,-1.257537968750000000e+05,1.356922949218750000e+04,-1.875000156250000000e+05,4.653814062500000000e+04,-1.229991875000000000e+05,-1.320707343750000000e+05
4.546005441192000035e+03,-1.875000156250000000e+05,-1.231749453125000000e+05,-1.258351562500000000e+05,1.360110351562500000e+04,-1.875000156250000000e+05,4.657211718750000000e+04,-1.230509765625000000e+05,-1.320792500000000000e+05
4.546005898811999941e+03,-1.875000156250000000e+05,-1.232213203125000000e+05,-1.258453984375000000e+05,1.363208300781250000e+04,-1.875000156250000000e+05,4.660669531250000000e+04,-1.230387109375000000e+05,-1.320413593750000000e+05
4.546006535372000144e+03,-1.875000156250000000e+05,-1.231709453125000000e+05,-1.257730625000000000e+05,1.360058984375000000e+04,-1.875000156250000000e+05,4.657348046875000000e+04,-1.229892656250000000e+05,-1.320305468750000000e+05
4.546007004236999819e+03,-1.875000156250000000e+05,-1.231015156250000000e+05,-1.257295000000000000e+05,1.355264453125000000e+04,-1.875000156250000000e+05,4.652376953125000000e+04,-1.229797421875000000e+05,-1.320648593750000000e+05
4.546007643730999916e+03,-1.875000156250000000e+05,-1.230863437500000000e+05,-1.257529296875000000e+05,1.353120996093750000e+04,-1.875000156250000000e+05,4.650244531250000000e+04,-1.230178750000000000e+05,-1.321057656250000000e+05
4.546008131173999573e+03,-1.875000156250000000e+05,-1.231741796875000000e+05,-1.258466015625000000e+05,1.357855078125000000e+04,-1.875000156250000000e+05,4.655124218750000000e+04,-1.230761953125000000e+05,-1.321101250000000000e+05
4.546059776676999718e+03,-1.875000156250000000e+05,-1.232185937500000000e+05,-1.258606875000000000e+05,1.359497949218750000e+04,-1.875000156250000000e+05,4.657113281250000000e+04,-1.230643671875000000e+05,-1.320771718750000000e+05
4.546060321322000163e+03,-1.875000156250000000e+05,-1.231835000000000000e+05,-1.258018281250000000e+05,1.357408007812500000e+04,-1.875000156250000000e+05,4.655166406250000000e+04,-1.230197578125000000e+05,-1.320633593750000000e+05
4.546061004328999843e+03,-1.875000156250000000e+05,-1.231205625000000000e+05,-1.257592265625000000e+05,1.352434765625000000e+04,-1.875000156250000000e+05,4.650092578125000000e+04,-1.230095625000000000e+05,-1.320941406250000000e+05
4.546061469770999793e+03,-1.875000156250000000e+05,-1.231152421875000000e+05,-1.257853125000000000e+05,1.351549609375000000e+04,-1.875000156250000000e+05,4.649176171875000000e+04,-1.230485234375000000e+05,-1.321277500000000000e+05
4.546062108287999763e+03,-1.875000156250000000e+05,-1.232040703125000000e+05,-1.258838437500000000e+05,1.356424511718750000e+04,-1.875000156250000000e+05,4.654388671875000000e+04,-1.231108125000000000e+05,-1.321344375000000000e+05
4.546062583507999989e+03,-1.875000156250000000e+05,-1.232592500000000000e+05,-1.258963359375000000e+05,1.360143847656250000e+04,-1.875000156250000000e+05,4.658304687500000000e+04,-1.230912109375000000e+05,-1.320877187500000000e+05
4.546063212734999979e+03,-1.875000156250000000e+05,-1.232185937500000000e+05,-1.258327031250000000e+05,1.357790234375000000e+04,-1.875000156250000000e+05,4.656025000000000000e+04,-1.230417500000000000e+05,-1.320707812500000000e+05
4.546063686489000247e+03,-1.875000156250000000e+05,-1.231624687500000000e+05,-1.257908984375000000e+05,1.355007421875000000e+04,-1.875000156250000000e+05,4.653023046875000000e+04,-1.230209140625000000e+05,-1.320859531250000000e+05
4.546064154863999647e+03,-1.875000156250000000e+05,-1.231483203125000000e+05,-1.258117578125000000e+05,1.353456250000000000e+04,-1.875000156250000000e+05,4.651572265625000000e+04,-1.230514296875000000e+05,-1.321177343750000000e+05
4.546064856938999583e+03,-1.875000156250000000e+05,-1.232432265625000000e+05,-1.259102812500000000e+05,1.359770605468750000e+04,-1.875000156250000000e+05,4.658212890625000000e+04,-1.231079062500000000e+05,-1.321164062500000000e+05
4.546065320425000209e+03,-1.875000156250000000e+05,-1.232946562500000000e+05,-1.259209218750000000e+05,1.363118945312500000e+04,-1.875000156250000000e+05,4.661402734375000000e+04,-1.230847734375000000e+05,-1.320677187500000000e+05
4.546065957474999777e+03,-1.875000156250000000e+05,-1.232548984375000000e+05,-1.258585156250000000e+05,1.360948535156250000e+04,-1.875000156250000000e+05,4.659236718750000000e+04,-1.230349062500000000e+05,-1.320493906250000000e+05
4.546066423895000298e+03,-1.875000156250000000e+05,-1.231840625000000000e+05,-1.258112890625000000e+05,1.356585449218750000e+04,-1.875000156250000000e+05,4.654773046875000000e+04,-1.230181875000000000e+05,-1.320730000000000000e+05
4.546067054588000246e+03,-1.875000156250000000e+05,-1.231758593750000000e+05,-1.258332578125000000e+05,1.356475976562500000e+04,-1.875000156250000000e+05,4.654735156250000000e+04,-1.230510234375000000e+05,-1.321043750000000000e+05
4.546067524430999583e+03,-1.875000156250000000e+05,-1.232618046875000000e+05,-1.259217734375000000e+05,1.361666015625000000e+04,-1.875000156250000000e+05,4.660262890625000000e+04,-1.231048906250000000e+05,-1.321028125000000000e+05
4.546119716045999667e+03,-1.875000156250000000e+05,-1.233063671875000000e+05,-1.259288125000000000e+05,1.364556152343750000e+04,-1.875000156250000000e+05,4.663186328125000000e+04,-1.230842187500000000e+05,-1.320578437500000000e+05
4.546120454298999903e+03,-1.875000156250000000e+05,-1.232682812500000000e+05,-1.258698671875000000e+05,1.363152441406250000e+04,-1.875000156250000000e+05,4.661688671875000000e+04,-1.230361171875000000e+05,-1.320404062500000000e+05
4.546120930498000234e+03,-1.875000156250000000e+05,-1.231944140625000000e+05,-1.258127421875000000e+05,1.358129980468750000e+04,-1.875000156250000000e+05,4.656813671875000000e+04,-1.230107500000000000e+05,-1.320576562500000000e+05
4.546121389584000099e+03,-1.875000156250000000e+05,-1.231886640625000000e+05,-1.258420234375000000e+05,1.358317773437500000e+04,-1.875000156250000000e+05,4.657133593750000000e+04,-1.230521875000000000e+05,-1.320963437500000000e+05
4.546122101437000310e+03,-1.875000156250000000e+05,-1.232761953125000000e+05,-1.259234921875000000e+05,1.365112695312500000e+04,-1.875000156250000000e+05,4.663912890625000000e+04,-1.230916640625000000e+05,-1.320773750000000000e+05
4.546122565900999689e+03,-1.875000156250000000e+05,-1.233176562500000000e+05,-1.259289218750000000e+05,1.368545898437500000e+04,-1.875000156250000000e+05,4.667337109375000000e+04,-1.230671875000000000e+05,-1.320310625000000000e+05
4.546123208328000146e+03,-1.875000156250000000e+05,-1.232584453125000000e+05,-1.258575781250000000e+05,1.364401855468750000e+04,-1.875000156250000000e+05,4.662781640625000000e+04,-1.230156640625000000e+05,-1.320218281250000000e+05
4.546123671325999567e+03,-1.875000156250000000e+05,-1.231938984375000000e+05,-1.258147968750000000e+05,1.360597656250000000e+04,-1.875000156250000000e+05,4.658848046875000000e+04,-1.230023437500000000e+05,-1.320468125000000000e+05
4.546124319131999982e+03,-1.875000156250000000e+05,-1.231740703125000000e+05,-1.258296171875000000e+05,1.358925683593750000e+04,-1.875000156250000000e+05,4.657520312500000000e+04,-1.230341015625000000e+05,-1.320820625000000000e+05
4.546124738126999546e+03,-1.875000156250000000e+05,-1.232645312500000000e+05,-1.259234921875000000e+05,1.364401855468750000e+04,-1.875000156250000000e+05,4.663405468750000000e+04,-1.230918593750000000e+05,-1.320849531250000000e+05
4.546125142455999594e+03,-1.875000156250000000e+05,-1.233118906250000000e+05,-1.259352031250000000e+05,1.366970117187500000e+04,-1.875000156250000000e+05,4.665973437500000000e+04,-1.230720156250000000e+05,-1.320441093750000000e+05
4.546125775104999775e+03,-1.875000156250000000e+05,-1.232723750000000000e+05,-1.258729296875000000e+05,1.364969628906250000e+04,-1.875000156250000000e+05,4.664145312500000000e+04,-1.230242500000000000e+05,-1.320286093750000000e+05
4.546126187255999866e+03,-1.875000156250000000e+05,-1.232101484375000000e+05,-1.258128515625000000e+05,1.362175683593750000e+04,-1.875000156250000000e+05,4.661503125000000000e+04,-1.229968671875000000e+05,-1.320360468750000000e+05
4.546126740701999552e+03,-1.875000156250000000e+05,-1.231917734375000000e+05,-1.258195781250000000e+05,1.362683007812500000e+04,-1.875000156250000000e+05,4.662381640625000000e+04,-1.230175625000000000e+05,-1.320552500000000000e+05
4.546127170943000237e+03,-1.875000156250000000e+05,-1.232629609375000000e+05,-1.258989531250000000e+05,1.367046093750000000e+04,-1.875000156250000000e+05,4.667046484375000000e+04,-1.230631406250000000e+05,-1.320500312500000000e+05
4.546179707725999833e+03,-1.875000156250000000e+05,-1.233060546875000000e+05,-1.259126484375000000e+05,1.369560644531250000e+04,-1.875000156250000000e+05,4.669637109375000000e+04,-1.230500156250000000e+05,-1.320143593750000000e+05
4.546180353087000185e+03,-1.875000156250000000e+05,-1.232535312500000000e+05,-1.258478984375000000e+05,1.365751953125000000e+04,-1.875000156250000000e+05,4.665814843750000000e+04,-1.230046015625000000e+05,-1.320048906250000000e+05
4.546180758882000191e+03,-1.875000156250000000e+05,-1.231913281250000000e+05,-1.258081562500000000e+05,1.361567675781250000e+04,-1.875000156250000000e+05,4.661552343750000000e+04,-1.229908515625000000e+05,-1.320285312500000000e+05
4.546181331396000132e+03,-1.875000156250000000e+05,-1.231830312500000000e+05,-1.258271093750000000e+05,1.362412597656250000e+04,-1.875000156250000000e+05,4.662538281250000000e+04,-1.230199140625000000e+05,-1.320520312500000000e+05
4.546181743058000393e+03,-1.875000156250000000e+05,-1.232603281250000000e+05,-1.259023046875000000e+05,1.368414062500000000e+04,-1.875000156250000000e+05,4.668830078125000000e+04,-1.230607890625000000e+05,-1.320377500000000000e+05
4.546182146408000335e+03,-1.875000156250000000e+05,-1.233040468750000000e+05,-1.259121796875000000e+05,1.370617871093750000e+04,-1.875000156250000000e+05,4.671215234375000000e+04,-1.230469375000000000e+05,-1.320061562500000000e+05
4.546182771724000304e+03,-1.875000156250000000e+05,-1.232537812500000000e+05,-1.258425781250000000e+05,1.367052832031250000e+04,-1.875000156250000000e+05,4.667701562500000000e+04,-1.229989687500000000e+05,-1.319959218750000000e+05
4.546183185830000184e+03,-1.875000156250000000e+05,-1.231892031250000000e+05,-1.258012500000000000e+05,1.362998242187500000e+04,-1.875000156250000000e+05,4.663592968750000000e+04,-1.229890000000000000e+05,-1.320269687500000000e+05
4.546183747099000357e+03,-1.875000156250000000e+05,-1.231816718750000000e+05,-1.258119140625000000e+05,1.364734960937500000e+04,-1.875000156250000000e+05,4.665220312500000000e+04,-1.230092968750000000e+05,-1.320391562500000000e+05
4.546184183694999774e+03,-1.875000156250000000e+05,-1.232568593750000000e+05,-1.258855625000000000e+05,1.371165527343750000e+04,-1.875000156250000000e+05,4.671887890625000000e+04,-1.230485234375000000e+05,-1.320250312500000000e+05
4.546184589980000055e+03,-1.875000156250000000e+05,-1.232867890625000000e+05,-1.258875937500000000e+05,1.372343457031250000e+04,-1.875000156250000000e+05,4.673121875000000000e+04,-1.230282734375000000e+05,-1.319879687500000000e+05
4.546185218718000215e+03,-1.875000156250000000e+05,-1.232436953125000000e+05,-1.258312031250000000e+05,1.369393066406250000e+04,-1.875000156250000000e+05,4.670079687500000000e+04,-1.229875937500000000e+05,-1.319832968750000000e+05
4.546185631356999693e+03,-1.875000156250000000e+05,-1.231837500000000000e+05,-1.257810000000000000e+05,1.366775683593750000e+04,-1.875000156250000000e+05,4.667464453125000000e+04,-1.229637890625000000e+05,-1.319939375000000000e+05
4.546186171113999990e+03,-1.875000156250000000e+05,-1.231533281250000000e+05,-1.257904765625000000e+05,1.364498046875000000e+04,-1.875000156250000000e+05,4.665448437500000000e+04,-1.229929765625000000e+05,-1.320281562500000000e+05
4.546186613576999662e+03,-1.875000156250000000e+05,-1.232415546875000000e+05,-1.258848437500000000e+05,1.370517285156250000e+04,-1.875000156250000000e+05,4.671442968750000000e+04,-1.230488984375000000e+05,-1.320318593750000000e+05
4.546239645626000311e+03,-1.875000156250000000e+05,-1.232825859375000000e+05,-1.258908828125000000e+05,1.372544628906250000e+04,-1.875000156250000000e+05,4.673427734375000000e+04,-1.230284062500000000e+05,-1.319924531250000000e+05
4.546240219117999914e+03,-1.875000156250000000e+05,-1.232388437500000000e+05,-1.258293437500000000e+05,1.370693945312500000e+04,-1.875000156250000000e+05,4.671523437500000000e+04,-1.229839687500000000e+05,-1.319795625000000000e+05
4.546240804342999581e+03,-1.875000156250000000e+05,-1.231618437500000000e+05,-1.257715468750000000e+05,1.366190039062500000e+04,-1.875000156250000000e+05,4.666856640625000000e+04,-1.229571718750000000e+05,-1.319949375000000000e+05
4.546241268318000039e+03,-1.875000156250000000e+05,-1.231396015625000000e+05,-1.257861171875000000e+05,1.364205175781250000e+04,-1.875000156250000000e+05,4.665019140625000000e+04,-1.229935156250000000e+05,-1.320403750000000000e+05
4.546241755271999864e+03,-1.875000156250000000e+05,-1.232306406250000000e+05,-1.258778281250000000e+05,1.370667089843750000e+04,-1.875000156250000000e+05,4.671762890625000000e+04,-1.230490390625000000e+05,-1.320385468750000000e+05
4.546242328274999636e+03,-1.875000156250000000e+05,-1.232803281250000000e+05,-1.258822734375000000e+05,1.375159765625000000e+04,-1.875000156250000000e+05,4.676416406250000000e+04,-1.230204453125000000e+05,-1.319814687500000000e+05
4.546242792250000093e+03,-1.875000156250000000e+05,-1.232264843750000000e+05,-1.258049140625000000e+05,1.372482031250000000e+04,-1.875000156250000000e+05,4.673897265625000000e+04,-1.229649062500000000e+05,-1.319590937500000000e+05
4.546243286537999666e+03,-1.875000156250000000e+05,-1.231437421875000000e+05,-1.257478046875000000e+05,1.365722851562500000e+04,-1.875000156250000000e+05,4.667254296875000000e+04,-1.229477578125000000e+05,-1.319894843750000000e+05
4.546243856117999712e+03,-1.875000156250000000e+05,-1.231373437500000000e+05,-1.257758359375000000e+05,1.365398730468750000e+04,-1.875000156250000000e+05,4.667108984375000000e+04,-1.229909453125000000e+05,-1.320313281250000000e+05
4.546244366050999815e+03,-1.875000156250000000e+05,-1.232238281250000000e+05,-1.258550078125000000e+05,1.371815917968750000e+04,-1.875000156250000000e+05,4.673664843750000000e+04,-1.230301718750000000e+05,-1.320132968750000000e+05
4.546244904829000006e+03,-1.875000156250000000e+05,-1.232634140625000000e+05,-1.258671406250000000e+05,1.373136914062500000e+04,-1.875000156250000000e+05,4.675187109375000000e+04,-1.230169375000000000e+05,-1.319828906250000000e+05
4.546245429917999900e+03,-1.875000156250000000e+05,-1.232214375000000000e+05,-1.258084687500000000e+05,1.370857031250000000e+04,-1.875000156250000000e+05,4.672882421875000000e+04,-1.229701093750000000e+05,-1.319665781250000000e+05
4.546245890959999997e+03,-1.875000156250000000e+05,-1.231446328125000000e+05,-1.257558984375000000e+05,1.365734082031250000e+04,-1.875000156250000000e+05,4.667804296875000000e+04,-1.229508203125000000e+05,-1.319900000000000000e+05
4.546246445873000084e+03,-1.875000156250000000e+05,-1.231315781250000000e+05,-1.257759453125000000e+05,1.365544042968750000e+04,-1.875000156250000000e+05,4.667775000000000000e+04,-1.229807968750000000e+05,-1.320221718750000000e+05
4.546246918648999781e+03,-1.875000156250000000e+05,-1.232138359375000000e+05,-1.258550937500000000e+05,1.372160156250000000e+04,-1.875000156250000000e+05,4.674617187500000000e+04,-1.230205156250000000e+05,-1.320071406250000000e+05
4.546300667440000325e+03,-1.875000156250000000e+05,-1.232477890625000000e+05,-1.258629843750000000e+05,1.373807519531250000e+04,-1.875000156250000000e+05,4.676496875000000000e+04,-1.230070625000000000e+05,-1.319717812500000000e+05
4.546301171995000004e+03,-1.875000156250000000e+05,-1.232018125000000000e+05,-1.258006953125000000e+05,1.371480664062500000e+04,-1.875000156250000000e+05,4.674277343750000000e+04,-1.229592031250000000e+05,-1.319547968750000000e+05
4.546301628148000418e+03,-1.875000156250000000e+05,-1.231327890625000000e+05,-1.257507812500000000e+05,1.366791308593750000e+04,-1.875000156250000000e+05,4.669695312500000000e+04,-1.229414140625000000e+05,-1.319797031250000000e+05
4.546302207505999831e+03,-1.875000156250000000e+05,-1.231228593750000000e+05,-1.257658671875000000e+05,1.367345605468750000e+04,-1.875000156250000000e+05,4.670392578125000000e+04,-1.229657500000000000e+05,-1.320029687500000000e+05
4.546302762418000384e+03,-1.875000156250000000e+05,-1.232005546875000000e+05,-1.258436953125000000e+05,1.372862011718750000e+04,-1.875000156250000000e+05,4.676119140625000000e+04,-1.230080000000000000e+05,-1.319944062500000000e+05
4.546303244482999617e+03,-1.875000156250000000e+05,-1.232427343750000000e+05,-1.258545390625000000e+05,1.374399804687500000e+04,-1.875000156250000000e+05,4.677650000000000000e+04,-1.229928437500000000e+05,-1.319560000000000000e+05
4.546303778372999659e+03,-1.875000156250000000e+05,-1.231949062500000000e+05,-1.258050468750000000e+05,1.369162792968750000e+04,-1.875000156250000000e+05,4.672386328125000000e+04,-1.229617500000000000e+05,-1.319635625000000000e+05
4.546304336219000106e+03,-1.875000156250000000e+05,-1.231441640625000000e+05,-1.257696484375000000e+05,1.365827929687500000e+04,-1.875000156250000000e+05,4.669185546875000000e+04,-1.229493437500000000e+05,-1.319879218750000000e+05
4.546304800195000098e+03,-1.875000156250000000e+05,-1.231305937500000000e+05,-1.257786562500000000e+05,1.365964257812500000e+04,-1.875000156250000000e+05,4.669404687500000000e+04,-1.229720312500000000e+05,-1.320095781250000000e+05
4.546305359506999594e+03,-1.875000156250000000e+05,-1.232089375000000000e+05,-1.258554296875000000e+05,1.371858398437500000e+04,-1.875000156250000000e+05,4.675470703125000000e+04,-1.230159062500000000e+05,-1.319985156250000000e+05
4.546305833749999692e+03,-1.875000156250000000e+05,-1.232539765625000000e+05,-1.258635000000000000e+05,1.373957226562500000e+04,-1.875000156250000000e+05,4.677574218750000000e+04,-1.230012500000000000e+05,-1.319616875000000000e+05
4.546306298213999980e+03,-1.875000156250000000e+05,-1.232050468750000000e+05,-1.258000234375000000e+05,1.369511523437500000e+04,-1.875000156250000000e+05,4.673014453125000000e+04,-1.229632968750000000e+05,-1.319604687500000000e+05
4.546306897618000221e+03,-1.875000156250000000e+05,-1.231493750000000000e+05,-1.257556562500000000e+05,1.366458203125000000e+04,-1.875000156250000000e+05,4.669956640625000000e+04,-1.229455703125000000e+05,-1.319813125000000000e+05
4.546307371371000045e+03,-1.875000156250000000e+05,-1.231261250000000000e+05,-1.257632734375000000e+05,1.366046972656250000e+04,-1.875000156250000000e+05,4.669350781250000000e+04,-1.229651953125000000e+05,-1.320039218750000000e+05
4.546307832901999973e+03,-1.875000156250000000e+05,-1.232046015625000000e+05,-1.258479843750000000e+05,1.372133398437500000e+04,-1.875000156250000000e+05,4.675397265625000000e+04,-1.230118203125000000e+05,-1.320008906250000000e+05
4.546360743702000036e+03,-1.875000156250000000e+05,-1.232397187500000000e+05,-1.258581796875000000e+05,1.373246484375000000e+04,-1.875000156250000000e+05,4.676586328125000000e+04,-1.229960156250000000e+05,-1.319700000000000000e+05
4.546361430130999906e+03,-1.875000156250000000e+05,-1.231912187500000000e+05,-1.257960859375000000e+05,1.369077832031250000e+04,-1.875000156250000000e+05,4.672428906250000000e+04,-1.229535234375000000e+05,-1.319653437500000000e+05
4.546361899972999709e+03,-1.875000156250000000e+05,-1.231263984375000000e+05,-1.257569687500000000e+05,1.363056347656250000e+04,-1.875000156250000000e+05,4.666237500000000000e+04,-1.229482265625000000e+05,-1.320068281250000000e+05
4.546362543868000103e+03,-1.875000156250000000e+05,-1.231198046875000000e+05,-1.257766875000000000e+05,1.363237402343750000e+04,-1.875000156250000000e+05,4.666324609375000000e+04,-1.229797265625000000e+05,-1.320371406250000000e+05
4.546363011264999841e+03,-1.875000156250000000e+05,-1.231936250000000000e+05,-1.258556562500000000e+05,1.367493164062500000e+04,-1.875000156250000000e+05,4.670830468750000000e+04,-1.230326953125000000e+05,-1.320384375000000000e+05
4.546363544666000053e+03,-1.875000156250000000e+05,-1.232491250000000000e+05,-1.258747656250000000e+05,1.371480664062500000e+04,-1.875000156250000000e+05,4.674885156250000000e+04,-1.230212500000000000e+05,-1.319966406250000000e+05
4.546364226206000239e+03,-1.875000156250000000e+05,-1.231970078125000000e+05,-1.258013593750000000e+05,1.368239648437500000e+04,-1.875000156250000000e+05,4.671673437500000000e+04,-1.229638750000000000e+05,-1.319760312500000000e+05
4.546364681869999913e+03,-1.875000156250000000e+05,-1.231240937500000000e+05,-1.257470234375000000e+05,1.363051855468750000e+04,-1.875000156250000000e+05,4.666708984375000000e+04,-1.229470468750000000e+05,-1.320047812500000000e+05
4.546365325763999863e+03,-1.875000156250000000e+05,-1.230975625000000000e+05,-1.257566171875000000e+05,1.360034375000000000e+04,-1.875000156250000000e+05,4.663861328125000000e+04,-1.229824921875000000e+05,-1.320482343750000000e+05
4.546365795118000278e+03,-1.875000156250000000e+05,-1.231824296875000000e+05,-1.258512734375000000e+05,1.365738476562500000e+04,-1.875000156250000000e+05,4.669621484375000000e+04,-1.230433593750000000e+05,-1.320564531250000000e+05
4.546366439989999890e+03,-1.875000156250000000e+05,-1.232373906250000000e+05,-1.258685078125000000e+05,1.369323730468750000e+04,-1.875000156250000000e+05,4.673322656250000000e+04,-1.230282968750000000e+05,-1.320125312500000000e+05
4.546366910810000263e+03,-1.875000156250000000e+05,-1.231899375000000000e+05,-1.257966015625000000e+05,1.365953125000000000e+04,-1.875000156250000000e+05,4.670001562500000000e+04,-1.229770859375000000e+05,-1.319951406250000000e+05
4.546367548348999662e+03,-1.875000156250000000e+05,-1.231195312500000000e+05,-1.257507343750000000e+05,1.360673632812500000e+04,-1.875000156250000000e+05,4.664739843750000000e+04,-1.229668671875000000e+05,-1.320277500000000000e+05
4.546368040192000080e+03,-1.875000156250000000e+05,-1.231021406250000000e+05,-1.257638750000000000e+05,1.360130468750000000e+04,-1.875000156250000000e+05,4.664335156250000000e+04,-1.229918828125000000e+05,-1.320562500000000000e+05
4.546368586304000019e+03,-1.875000156250000000e+05,-1.231857578125000000e+05,-1.258480078125000000e+05,1.366232519531250000e+04,-1.875000156250000000e+05,4.670884375000000000e+04,-1.230405156250000000e+05,-1.320491406250000000e+05
4.546419654891000391e+03,-1.875000156250000000e+05,-1.232328750000000000e+05,-1.258646640625000000e+05,1.368349218750000000e+04,-1.875000156250000000e+05,4.673103906250000000e+04,-1.230286953125000000e+05,-1.320104531250000000e+05
4.546420597508999890e+03,-1.875000156250000000e+05,-1.231936250000000000e+05,-1.258063671875000000e+05,1.364605273437500000e+04,-1.875000156250000000e+05,4.669275000000000000e+04,-1.229898515625000000e+05,-1.320048906250000000e+05
4.546421025794000343e+03,-1.875000156250000000e+05,-1.231348203125000000e+05,-1.257646796875000000e+05,1.359909179687500000e+04,-1.875000156250000000e+05,4.664677343750000000e+04,-1.229808203125000000e+05,-1.320379062500000000e+05
4.546421433055999842e+03,-1.875000156250000000e+05,-1.231148203125000000e+05,-1.257693515625000000e+05,1.359319140625000000e+04,-1.875000156250000000e+05,4.664380078125000000e+04,-1.230021875000000000e+05,-1.320627812500000000e+05
4.546421841295999911e+03,-1.875000156250000000e+05,-1.231753437500000000e+05,-1.258475625000000000e+05,1.362090722656250000e+04,-1.875000156250000000e+05,4.667285546875000000e+04,-1.230580468750000000e+05,-1.320764531250000000e+05
4.546422252469000341e+03,-1.875000156250000000e+05,-1.232285625000000000e+05,-1.258722656250000000e+05,1.365094824218750000e+04,-1.875000156250000000e+05,4.670075000000000000e+04,-1.230557890625000000e+05,-1.320494843750000000e+05
4.546422717911000291e+03,-1.875000156250000000e+05,-1.231770468750000000e+05,-1.257923984375000000e+05,1.361880566406250000e+04,-1.875000156250000000e+05,4.666726953125000000e+04,-1.229989687500000000e+05,-1.320273750000000000e+05
4.546423122729000170e+03,-1.875000156250000000e+05,-1.231035703125000000e+05,-1.257407031250000000e+05,1.356522949218750000e+04,-1.875000156250000000e+05,4.660892968750000000e+04,-1.229858437500000000e+05,-1.320639687500000000e+05
4.546423533901999690e+03,-1.875000156250000000e+05,-1.230863828125000000e+05,-1.257570156250000000e+05,1.354180468750000000e+04,-1.875000156250000000e+05,4.658709375000000000e+04,-1.230225937500000000e+05,-1.321082656250000000e+05
4.546423935296999844e+03,-1.875000156250000000e+05,-1.231689062500000000e+05,-1.258513593750000000e+05,1.358266308593750000e+04,-1.875000156250000000e+05,4.663166406250000000e+04,-1.230864765625000000e+05,-1.321181718750000000e+05
4.546424521011000252e+03,-1.875000156250000000e+05,-1.232240937500000000e+05,-1.258751875000000000e+05,1.361151953125000000e+04,-1.875000156250000000e+05,4.666257421875000000e+04,-1.230793437500000000e+05,-1.320814375000000000e+05
4.546425024099000439e+03,-1.875000156250000000e+05,-1.231785390625000000e+05,-1.258142109375000000e+05,1.356862695312500000e+04,-1.875000156250000000e+05,4.662044140625000000e+04,-1.230353125000000000e+05,-1.320764531250000000e+05
4.546425432338999599e+03,-1.875000156250000000e+05,-1.231238906250000000e+05,-1.257736875000000000e+05,1.352922070312500000e+04,-1.875000156250000000e+05,4.658128125000000000e+04,-1.230246015625000000e+05,-1.321029687500000000e+05
4.546425841555999796e+03,-1.875000156250000000e+05,-1.231118671875000000e+05,-1.257907421875000000e+05,1.351422265625000000e+04,-1.875000156250000000e+05,4.656686328125000000e+04,-1.230555156250000000e+05,-1.321372968750000000e+05
4.546426324109999769e+03,-1.875000156250000000e+05,-1.231931406250000000e+05,-1.258843281250000000e+05,1.355262304687500000e+04,-1.875000156250000000e+05,4.660837109375000000e+04,-1.231156640625000000e+05,-1.321471406250000000e+05
4.546480630746999850e+03,-1.875000156250000000e+05,-1.232599687500000000e+05,-1.259188906250000000e+05,1.359450976562500000e+04,-1.875000156250000000e+05,4.665101953125000000e+04,-1.231158437500000000e+05,-1.321110781250000000e+05
4.546481165614999554e+03,-1.875000156250000000e+05,-1.232379296875000000e+05,-1.258563906250000000e+05,1.360340625000000000e+04,-1.875000156250000000e+05,4.665875390625000000e+04,-1.230575546875000000e+05,-1.320707343750000000e+05
4.546481726394000361e+03,-1.875000156250000000e+05,-1.231669218750000000e+05,-1.257992187500000000e+05,1.355340527343750000e+04,-1.875000156250000000e+05,4.660897656250000000e+04,-1.230310625000000000e+05,-1.320903437500000000e+05
4.546482186457999887e+03,-1.875000156250000000e+05,-1.231470468750000000e+05,-1.258128046875000000e+05,1.353981542968750000e+04,-1.875000156250000000e+05,4.659675000000000000e+04,-1.230606328125000000e+05,-1.321200156250000000e+05
4.546482689057999778e+03,-1.875000156250000000e+05,-1.232210546875000000e+05,-1.259037343750000000e+05,1.357441601562500000e+04,-1.875000156250000000e+05,4.663544140625000000e+04,-1.231197578125000000e+05,-1.321295156250000000e+05
4.546483254726000268e+03,-1.875000156250000000e+05,-1.232887812500000000e+05,-1.259380000000000000e+05,1.361835937500000000e+04,-1.875000156250000000e+05,4.668224609375000000e+04,-1.231164687500000000e+05,-1.320919062500000000e+05
4.546483715768000366e+03,-1.875000156250000000e+05,-1.232624296875000000e+05,-1.258712109375000000e+05,1.361522949218750000e+04,-1.875000156250000000e+05,4.668287109375000000e+04,-1.230571718750000000e+05,-1.320519843750000000e+05
4.546484289259000434e+03,-1.875000156250000000e+05,-1.231917500000000000e+05,-1.258139921875000000e+05,1.356726269531250000e+04,-1.875000156250000000e+05,4.663568359375000000e+04,-1.230345937500000000e+05,-1.320704531250000000e+05
4.546484757146000447e+03,-1.875000156250000000e+05,-1.231776718750000000e+05,-1.258229062500000000e+05,1.357470605468750000e+04,-1.875000156250000000e+05,4.664225781250000000e+04,-1.230534843750000000e+05,-1.320890625000000000e+05
4.546485161474999586e+03,-1.875000156250000000e+05,-1.232539765625000000e+05,-1.259043125000000000e+05,1.363076464843750000e+04,-1.875000156250000000e+05,4.670046093750000000e+04,-1.230982343750000000e+05,-1.320807500000000000e+05
4.546485580470000059e+03,-1.875000156250000000e+05,-1.232994609375000000e+05,-1.259236718750000000e+05,1.364625390625000000e+04,-1.875000156250000000e+05,4.671702343750000000e+04,-1.230896484375000000e+05,-1.320443125000000000e+05
4.546486102625999592e+03,-1.875000156250000000e+05,-1.232744765625000000e+05,-1.258745000000000000e+05,1.362718847656250000e+04,-1.875000156250000000e+05,4.669721875000000000e+04,-1.230514062500000000e+05,-1.320340156250000000e+05
4.546486563667999690e+03,-1.875000156250000000e+05,-1.232177031250000000e+05,-1.258204531250000000e+05,1.359587304687500000e+04,-1.875000156250000000e+05,4.666487500000000000e+04,-1.230241093750000000e+05,-1.320422343750000000e+05
4.546486968973999865e+03,-1.875000156250000000e+05,-1.232049140625000000e+05,-1.258284531250000000e+05,1.361502832031250000e+04,-1.875000156250000000e+05,4.668557421875000000e+04,-1.230405625000000000e+05,-1.320580468750000000e+05
4.546487508731000162e+03,-1.875000156250000000e+05,-1.232707421875000000e+05,-1.258921093750000000e+05,1.367117675781250000e+04,-1.875000156250000000e+05,4.674404687500000000e+04,-1.230695312500000000e+05,-1.320376093750000000e+05
4.546539583493999999e+03,-1.875000156250000000e+05,-1.233168984375000000e+05,-1.259165156250000000e+05,1.368883398437500000e+04,-1.875000156250000000e+05,4.676642187500000000e+04,-1.230664921875000000e+05,-1.320130625000000000e+05
4.546540086093000355e+03,-1.875000156250000000e+05,-1.232856484375000000e+05,-1.258544921875000000e+05,1.367504296875000000e+04,-1.875000156250000000e+05,4.675566796875000000e+04,-1.230166718750000000e+05,-1.319877656250000000e+05
4.546540784257000269e+03,-1.875000156250000000e+05,-1.232158046875000000e+05,-1.257988359375000000e+05,1.362676367187500000e+04,-1.875000156250000000e+05,4.670669531250000000e+04,-1.229923750000000000e+05,-1.320047968750000000e+05
4.546541249210000387e+03,-1.875000156250000000e+05,-1.231883984375000000e+05,-1.258075078125000000e+05,1.360336132812500000e+04,-1.875000156250000000e+05,4.668298046875000000e+04,-1.230245859375000000e+05,-1.320467812500000000e+05
4.546541884303999723e+03,-1.875000156250000000e+05,-1.232683281250000000e+05,-1.258925546875000000e+05,1.366055957031250000e+04,-1.875000156250000000e+05,4.674046875000000000e+04,-1.230744687500000000e+05,-1.320453281250000000e+05
4.546542352190999736e+03,-1.875000156250000000e+05,-1.233147343750000000e+05,-1.259156718750000000e+05,1.366619140625000000e+04,-1.875000156250000000e+05,4.674981250000000000e+04,-1.230733750000000000e+05,-1.320230625000000000e+05
4.546542968216999725e+03,-1.875000156250000000e+05,-1.232945234375000000e+05,-1.258650625000000000e+05,1.366093945312500000e+04,-1.875000156250000000e+05,4.674462890625000000e+04,-1.230283828125000000e+05,-1.320015625000000000e+05
4.546543446370999845e+03,-1.875000156250000000e+05,-1.232134765625000000e+05,-1.258001796875000000e+05,1.360248925781250000e+04,-1.875000156250000000e+05,4.668608984375000000e+04,-1.229964843750000000e+05,-1.320162031250000000e+05
4.546543903013000090e+03,-1.875000156250000000e+05,-1.231970468750000000e+05,-1.258173437500000000e+05,1.359180566406250000e+04,-1.875000156250000000e+05,4.667773046875000000e+04,-1.230333671875000000e+05,-1.320596093750000000e+05
4.546544642732999819e+03,-1.875000156250000000e+05,-1.232871250000000000e+05,-1.258969609375000000e+05,1.367028222656250000e+04,-1.875000156250000000e+05,4.675886718750000000e+04,-1.230719687500000000e+05,-1.320407812500000000e+05
4.546545108174999768e+03,-1.875000156250000000e+05,-1.233358515625000000e+05,-1.259104843750000000e+05,1.370801171875000000e+04,-1.875000156250000000e+05,4.679825000000000000e+04,-1.230521875000000000e+05,-1.319937812500000000e+05
4.546545740825000394e+03,-1.875000156250000000e+05,-1.232916406250000000e+05,-1.258388046875000000e+05,1.369596484375000000e+04,-1.875000156250000000e+05,4.678758984375000000e+04,-1.229923750000000000e+05,-1.319612812500000000e+05
4.546546214089000387e+03,-1.875000156250000000e+05,-1.232013828125000000e+05,-1.257751406250000000e+05,1.363603906250000000e+04,-1.875000156250000000e+05,4.672983203125000000e+04,-1.229627812500000000e+05,-1.319827343750000000e+05
4.546546853093999744e+03,-1.875000156250000000e+05,-1.231773593750000000e+05,-1.257885781250000000e+05,1.361979003906250000e+04,-1.875000156250000000e+05,4.671729296875000000e+04,-1.229960625000000000e+05,-1.320227968750000000e+05
4.546547328804000244e+03,-1.875000156250000000e+05,-1.232623828125000000e+05,-1.258717734375000000e+05,1.368637500000000000e+04,-1.875000156250000000e+05,4.678881640625000000e+04,-1.230423281250000000e+05,-1.320127343750000000e+05
4.546599700335999842e+03,-1.875000156250000000e+05,-1.233110000000000000e+05,-1.258875312500000000e+05,1.370901757812500000e+04,-1.875000156250000000e+05,4.681266796875000000e+04,-1.230290312500000000e+05,-1.319769531250000000e+05
4.546600264536999930e+03,-1.875000156250000000e+05,-1.232791250000000000e+05,-1.258259921875000000e+05,1.370718457031250000e+04,-1.875000156250000000e+05,4.681179296875000000e+04,-1.229739531250000000e+05,-1.319473593750000000e+05
4.546600723624000238e+03,-1.875000156250000000e+05,-1.231940078125000000e+05,-1.257616875000000000e+05,1.365291503906250000e+04,-1.875000156250000000e+05,4.675524609375000000e+04,-1.229462421875000000e+05,-1.319652812500000000e+05
4.546601470188999883e+03,-1.875000156250000000e+05,-1.231714296875000000e+05,-1.257729296875000000e+05,1.364683496093750000e+04,-1.875000156250000000e+05,4.674970312500000000e+04,-1.229739531250000000e+05,-1.320003906250000000e+05
4.546601936609000404e+03,-1.875000156250000000e+05,-1.232392734375000000e+05,-1.258495078125000000e+05,1.369381835937500000e+04,-1.875000156250000000e+05,4.679903125000000000e+04,-1.230169375000000000e+05,-1.319977500000000000e+05
4.546602578058999825e+03,-1.875000156250000000e+05,-1.232959140625000000e+05,-1.258737109375000000e+05,1.372962597656250000e+04,-1.875000156250000000e+05,4.683325390625000000e+04,-1.230120234375000000e+05,-1.319644531250000000e+05
4.546603048390000367e+03,-1.875000156250000000e+05,-1.232672812500000000e+05,-1.258095859375000000e+05,1.372126660156250000e+04,-1.875000156250000000e+05,4.682330468750000000e+04,-1.229596718750000000e+05,-1.319343281250000000e+05
4.546603729440999814e+03,-1.875000156250000000e+05,-1.231856250000000000e+05,-1.257487265625000000e+05,1.365646875000000000e+04,-1.875000156250000000e+05,4.675714453125000000e+04,-1.229371171875000000e+05,-1.319600312500000000e+05
4.546604217373000211e+03,-1.875000156250000000e+05,-1.231716093750000000e+05,-1.257650156250000000e+05,1.366044726562500000e+04,-1.875000156250000000e+05,4.676192968750000000e+04,-1.229667109375000000e+05,-1.319924531250000000e+05
4.546604689171000246e+03,-1.875000156250000000e+05,-1.232411015625000000e+05,-1.258422890625000000e+05,1.370941992187500000e+04,-1.875000156250000000e+05,4.681351562500000000e+04,-1.230116406250000000e+05,-1.319874531250000000e+05
4.546605382933999863e+03,-1.875000156250000000e+05,-1.233008750000000000e+05,-1.258692421875000000e+05,1.374634472656250000e+04,-1.875000156250000000e+05,4.685106640625000000e+04,-1.230045312500000000e+05,-1.319518437500000000e+05
4.546605845443000362e+03,-1.875000156250000000e+05,-1.232624062500000000e+05,-1.258019687500000000e+05,1.372824023437500000e+04,-1.875000156250000000e+05,4.683045703125000000e+04,-1.229518046875000000e+05,-1.319275937500000000e+05
4.546606487381999614e+03,-1.875000156250000000e+05,-1.231915937500000000e+05,-1.257471406250000000e+05,1.368431933593750000e+04,-1.875000156250000000e+05,4.678423437500000000e+04,-1.229281562500000000e+05,-1.319481093750000000e+05
4.546606946468000388e+03,-1.875000156250000000e+05,-1.231608359375000000e+05,-1.257556953125000000e+05,1.365825683593750000e+04,-1.875000156250000000e+05,4.675741406250000000e+04,-1.229599218750000000e+05,-1.319914843750000000e+05
4.546607588406999639e+03,-1.875000156250000000e+05,-1.232409687500000000e+05,-1.258432734375000000e+05,1.371757812500000000e+04,-1.875000156250000000e+05,4.681726953125000000e+04,-1.230132500000000000e+05,-1.319891093750000000e+05
4.546659600101000251e+03,-1.875000156250000000e+05,-1.232925156250000000e+05,-1.258617578125000000e+05,1.374710546875000000e+04,-1.875000156250000000e+05,4.684766796875000000e+04,-1.229999062500000000e+05,-1.319512500000000000e+05
4.546660156480000296e+03,-1.875000156250000000e+05,-1.232577109375000000e+05,-1.258032656250000000e+05,1.373101171875000000e+04,-1.875000156250000000e+05,4.683110546875000000e+04,-1.229529218750000000e+05,-1.319318593750000000e+05
4.546660850731999744e+03,-1.875000156250000000e+05,-1.231757734375000000e+05,-1.257446796875000000e+05,1.366692968750000000e+04,-1.875000156250000000e+05,4.676751562500000000e+04,-1.229345312500000000e+05,-1.319584218750000000e+05
4.546661318129999927e+03,-1.875000156250000000e+05,-1.231567734375000000e+05,-1.257522109375000000e+05,1.366771191406250000e+04,-1.875000156250000000e+05,4.677008593750000000e+04,-1.229608828125000000e+05,-1.319880937500000000e+05
4.546661979624999731e+03,-1.875000156250000000e+05,-1.232238046875000000e+05,-1.258282968750000000e+05,1.370510644531250000e+04,-1.875000156250000000e+05,4.680893359375000000e+04,-1.230087578125000000e+05,-1.319943125000000000e+05
4.546662446045000252e+03,-1.875000156250000000e+05,-1.232840390625000000e+05,-1.258624296875000000e+05,1.373774023437500000e+04,-1.875000156250000000e+05,4.684201562500000000e+04,-1.230070625000000000e+05,-1.319606718750000000e+05
4.546663072338000347e+03,-1.875000156250000000e+05,-1.232540937500000000e+05,-1.258007343750000000e+05,1.372041699218750000e+04,-1.875000156250000000e+05,4.682440234375000000e+04,-1.229537265625000000e+05,-1.319349687500000000e+05
4.546663548536999770e+03,-1.875000156250000000e+05,-1.231878203125000000e+05,-1.257493906250000000e+05,1.367066210937500000e+04,-1.875000156250000000e+05,4.677676953125000000e+04,-1.229329218750000000e+05,-1.319590468750000000e+05
4.546664022779000334e+03,-1.875000156250000000e+05,-1.231695546875000000e+05,-1.257521406250000000e+05,1.367618261718750000e+04,-1.875000156250000000e+05,4.678414453125000000e+04,-1.229453046875000000e+05,-1.319778906250000000e+05
4.546664727786999720e+03,-1.875000156250000000e+05,-1.232366796875000000e+05,-1.258275546875000000e+05,1.372415039062500000e+04,-1.875000156250000000e+05,4.683378906250000000e+04,-1.229930234375000000e+05,-1.319787968750000000e+05
4.546665197141000135e+03,-1.875000156250000000e+05,-1.232844218750000000e+05,-1.258472265625000000e+05,1.375662695312500000e+04,-1.875000156250000000e+05,4.687066796875000000e+04,-1.229832343750000000e+05,-1.319355937500000000e+05
4.546665850323999621e+03,-1.875000156250000000e+05,-1.232309531250000000e+05,-1.257772421875000000e+05,1.372189257812500000e+04,-1.875000156250000000e+05,4.683754296875000000e+04,-1.229313281250000000e+05,-1.319167968750000000e+05
4.546666318700000375e+03,-1.875000156250000000e+05,-1.231504453125000000e+05,-1.257290546875000000e+05,1.365047851562500000e+04,-1.875000156250000000e+05,4.676937109375000000e+04,-1.229215156250000000e+05,-1.319573750000000000e+05
4.546666960638000091e+03,-1.875000156250000000e+05,-1.231382421875000000e+05,-1.257446796875000000e+05,1.365309375000000000e+04,-1.875000156250000000e+05,4.677657031250000000e+04,-1.229483593750000000e+05,-1.319856250000000000e+05
4.546667424125000252e+03,-1.875000156250000000e+05,-1.232092734375000000e+05,-1.258162031250000000e+05,1.370309472656250000e+04,-1.875000156250000000e+05,4.683211328125000000e+04,-1.229912343750000000e+05,-1.319770156250000000e+05
4.546720690850999745e+03,-1.875000156250000000e+05,-1.232645937500000000e+05,-1.258398281250000000e+05,1.372761425781250000e+04,-1.875000156250000000e+05,4.685781640625000000e+04,-1.229886171875000000e+05,-1.319462968750000000e+05
4.546721126469000410e+03,-1.875000156250000000e+05,-1.232276015625000000e+05,-1.257840156250000000e+05,1.370240136718750000e+04,-1.875000156250000000e+05,4.683037109375000000e+04,-1.229418359375000000e+05,-1.319347187500000000e+05
4.546722045131000414e+03,-1.875000156250000000e+05,-1.231652187500000000e+05,-1.257280468750000000e+05,1.367262890625000000e+04,-1.875000156250000000e+05,4.679871875000000000e+04,-1.229146796875000000e+05,-1.319466562500000000e+05
4.546722524261999752e+03,-1.875000156250000000e+05,-1.231268203125000000e+05,-1.257237343750000000e+05,1.364368359375000000e+04,-1.875000156250000000e+05,4.676908203125000000e+04,-1.229376328125000000e+05,-1.319823125000000000e+05
4.546722939835999568e+03,-1.875000156250000000e+05,-1.232006718750000000e+05,-1.258113750000000000e+05,1.368498925781250000e+04,-1.875000156250000000e+05,4.681251171875000000e+04,-1.229997265625000000e+05,-1.319992500000000000e+05
4.546723615019999670e+03,-1.875000156250000000e+05,-1.232721250000000000e+05,-1.258431406250000000e+05,1.373963964843750000e+04,-1.875000156250000000e+05,4.686541796875000000e+04,-1.229906328125000000e+05,-1.319535937500000000e+05
4.546724244246999660e+03,-1.875000156250000000e+05,-1.232238046875000000e+05,-1.257728437500000000e+05,1.370264746093750000e+04,-1.875000156250000000e+05,4.682460156250000000e+04,-1.229372343750000000e+05,-1.319380156250000000e+05
4.546724797204000424e+03,-1.875000156250000000e+05,-1.231505546875000000e+05,-1.257208281250000000e+05,1.364574023437500000e+04,-1.875000156250000000e+05,4.676749218750000000e+04,-1.229212734375000000e+05,-1.319717812500000000e+05
4.546725400029999946e+03,-1.875000156250000000e+05,-1.231243125000000000e+05,-1.257301953125000000e+05,1.362160058593750000e+04,-1.875000156250000000e+05,4.674214843750000000e+04,-1.229548437500000000e+05,-1.320147968750000000e+05
4.546725817069999721e+03,-1.875000156250000000e+05,-1.232037968750000000e+05,-1.258167187500000000e+05,1.368259765625000000e+04,-1.875000156250000000e+05,4.680479687500000000e+04,-1.230087109375000000e+05,-1.320149062500000000e+05
4.546726221398999769e+03,-1.875000156250000000e+05,-1.232472734375000000e+05,-1.258351171875000000e+05,1.370045703125000000e+04,-1.875000156250000000e+05,4.682279296875000000e+04,-1.229967578125000000e+05,-1.319756250000000000e+05
4.546726678039999570e+03,-1.875000156250000000e+05,-1.232154687500000000e+05,-1.257879921875000000e+05,1.367023730468750000e+04,-1.875000156250000000e+05,4.679176953125000000e+04,-1.229641875000000000e+05,-1.319735312500000000e+05
4.546727082368999618e+03,-1.875000156250000000e+05,-1.231555156250000000e+05,-1.257303281250000000e+05,1.364062109375000000e+04,-1.875000156250000000e+05,4.676175000000000000e+04,-1.229345703125000000e+05,-1.319799687500000000e+05
4.546727484742000343e+03,-1.875000156250000000e+05,-1.231121093750000000e+05,-1.257270234375000000e+05,1.360503710937500000e+04,-1.875000156250000000e+05,4.672788671875000000e+04,-1.229587812500000000e+05,-1.320203281250000000e+05
4.546727937472000121e+03,-1.875000156250000000e+05,-1.231800859375000000e+05,-1.258189531250000000e+05,1.363751464843750000e+04,-1.875000156250000000e+05,4.676335937500000000e+04,-1.230229296875000000e+05,-1.320395937500000000e+05
4.546780669329999910e+03,-1.875000156250000000e+05,-1.232463359375000000e+05,-1.258510703125000000e+05,1.367477539062500000e+04,-1.875000156250000000e+05,4.680059765625000000e+04,-1.230206015625000000e+05,-1.320023593750000000e+05
4.546781202731000121e+03,-1.875000156250000000e+05,-1.232084218750000000e+05,-1.257932500000000000e+05,1.364223046875000000e+04,-1.875000156250000000e+05,4.676668750000000000e+04,-1.229777812500000000e+05,-1.319922812500000000e+05
4.546781679417999840e+03,-1.875000156250000000e+05,-1.231465546875000000e+05,-1.257384218750000000e+05,1.360552929687500000e+04,-1.875000156250000000e+05,4.672808593750000000e+04,-1.229512031250000000e+05,-1.320061406250000000e+05
4.546782265621000079e+03,-1.875000156250000000e+05,-1.231149531250000000e+05,-1.257415703125000000e+05,1.357886328125000000e+04,-1.875000156250000000e+05,4.670321093750000000e+04,-1.229759687500000000e+05,-1.320459687500000000e+05
4.546782730085000367e+03,-1.875000156250000000e+05,-1.231877734375000000e+05,-1.258306406250000000e+05,1.362513183593750000e+04,-1.875000156250000000e+05,4.675137890625000000e+04,-1.230322734375000000e+05,-1.320556718750000000e+05
4.546783183794000252e+03,-1.875000156250000000e+05,-1.232562578125000000e+05,-1.258613125000000000e+05,1.366979003906250000e+04,-1.875000156250000000e+05,4.679503125000000000e+04,-1.230259687500000000e+05,-1.320138281250000000e+05
4.546783678570000120e+03,-1.875000156250000000e+05,-1.232119140625000000e+05,-1.257968281250000000e+05,1.363364746093750000e+04,-1.875000156250000000e+05,4.675759375000000000e+04,-1.229784687500000000e+05,-1.319964687500000000e+05
4.546784193391999906e+03,-1.875000156250000000e+05,-1.231491250000000000e+05,-1.257539765625000000e+05,1.358129980468750000e+04,-1.875000156250000000e+05,4.670491015625000000e+04,-1.229682812500000000e+05,-1.320250937500000000e+05
4.546784626566999577e+03,-1.875000156250000000e+05,-1.231286953125000000e+05,-1.257616875000000000e+05,1.356583203125000000e+04,-1.875000156250000000e+05,4.669129687500000000e+04,-1.229911250000000000e+05,-1.320614531250000000e+05
4.546785028450000027e+03,-1.875000156250000000e+05,-1.231920625000000000e+05,-1.258397421875000000e+05,1.360407617187500000e+04,-1.875000156250000000e+05,4.673602343750000000e+04,-1.230417031250000000e+05,-1.320695468750000000e+05
4.546785424466999757e+03,-1.875000156250000000e+05,-1.232546015625000000e+05,-1.258567968750000000e+05,1.364954003906250000e+04,-1.875000156250000000e+05,4.678389843750000000e+04,-1.230283359375000000e+05,-1.320215625000000000e+05
4.546785872309000297e+03,-1.875000156250000000e+05,-1.232032812500000000e+05,-1.257820312500000000e+05,1.361730859375000000e+04,-1.875000156250000000e+05,4.674985937500000000e+04,-1.229760312500000000e+05,-1.320043750000000000e+05
4.546786273214999710e+03,-1.875000156250000000e+05,-1.231307734375000000e+05,-1.257227734375000000e+05,1.357685156250000000e+04,-1.875000156250000000e+05,4.670821875000000000e+04,-1.229473593750000000e+05,-1.320205156250000000e+05
4.546786722034000377e+03,-1.875000156250000000e+05,-1.230924843750000000e+05,-1.257263750000000000e+05,1.354283300781250000e+04,-1.875000156250000000e+05,4.667605078125000000e+04,-1.229755390625000000e+05,-1.320617343750000000e+05
4.546787164985999880e+03,-1.875000156250000000e+05,-1.231642109375000000e+05,-1.258180625000000000e+05,1.357349902343750000e+04,-1.875000156250000000e+05,4.670935546875000000e+04,-1.230400312500000000e+05,-1.320828125000000000e+05
4.546840643409999757e+03,-1.875000156250000000e+05,-1.232299062500000000e+05,-1.258530390625000000e+05,1.360713867187500000e+04,-1.875000156250000000e+05,4.674433593750000000e+04,-1.230401640625000000e+05,-1.320480468750000000e+05
4.546841078540000126e+03,-1.875000156250000000e+05,-1.231943906250000000e+05,-1.257987031250000000e+05,1.356433496093750000e+04,-1.875000156250000000e+05,4.670242968750000000e+04,-1.230037031250000000e+05,-1.320461875000000000e+05
4.546841496557999562e+03,-1.875000156250000000e+05,-1.231501328125000000e+05,-1.257563046875000000e+05,1.353898828125000000e+04,-1.875000156250000000e+05,4.668101562500000000e+04,-1.229894687500000000e+05,-1.320622500000000000e+05
4.546841919954000332e+03,-1.875000156250000000e+05,-1.231183671875000000e+05,-1.257514765625000000e+05,1.351609960937500000e+04,-1.875000156250000000e+05,4.665866406250000000e+04,-1.230100546875000000e+05,-1.320921562500000000e+05
4.546842320370999914e+03,-1.875000156250000000e+05,-1.231880390625000000e+05,-1.258411484375000000e+05,1.354786132812500000e+04,-1.875000156250000000e+05,4.669393359375000000e+04,-1.230731953125000000e+05,-1.321114843750000000e+05
4.546842760878999798e+03,-1.875000156250000000e+05,-1.232703828125000000e+05,-1.258855156250000000e+05,1.360586425781250000e+04,-1.875000156250000000e+05,4.675330078125000000e+04,-1.230768671875000000e+05,-1.320721250000000000e+05
4.546843234631999621e+03,-1.875000156250000000e+05,-1.232385312500000000e+05,-1.258181718750000000e+05,1.359781738281250000e+04,-1.875000156250000000e+05,4.674467187500000000e+04,-1.230170468750000000e+05,-1.320343750000000000e+05
4.546843643850000262e+03,-1.875000156250000000e+05,-1.231616640625000000e+05,-1.257602109375000000e+05,1.354010546875000000e+04,-1.875000156250000000e+05,4.668727343750000000e+04,-1.229970703125000000e+05,-1.320590000000000000e+05
4.546844143516000258e+03,-1.875000156250000000e+05,-1.231322734375000000e+05,-1.257710546875000000e+05,1.351024414062500000e+04,-1.875000156250000000e+05,4.665727734375000000e+04,-1.230298984375000000e+05,-1.321067187500000000e+05
4.546844546866000201e+03,-1.875000156250000000e+05,-1.232048750000000000e+05,-1.258617578125000000e+05,1.354920312500000000e+04,-1.875000156250000000e+05,4.669744140625000000e+04,-1.230905390625000000e+05,-1.321230781250000000e+05
4.546844945816999825e+03,-1.875000156250000000e+05,-1.232824765625000000e+05,-1.259081796875000000e+05,1.359348144531250000e+04,-1.875000156250000000e+05,4.674160937500000000e+04,-1.230992187500000000e+05,-1.320910468750000000e+05
4.546845392680000259e+03,-1.875000156250000000e+05,-1.232533281250000000e+05,-1.258503125000000000e+05,1.357070507812500000e+04,-1.875000156250000000e+05,4.671860937500000000e+04,-1.230489687500000000e+05,-1.320647031250000000e+05
4.546845790164000391e+03,-1.875000156250000000e+05,-1.232016562500000000e+05,-1.258045156250000000e+05,1.354450878906250000e+04,-1.875000156250000000e+05,4.669272656250000000e+04,-1.230255000000000000e+05,-1.320767656250000000e+05
4.546846199870000419e+03,-1.875000156250000000e+05,-1.231786953125000000e+05,-1.258027031250000000e+05,1.354466503906250000e+04,-1.875000156250000000e+05,4.669270312500000000e+04,-1.230328046875000000e+05,-1.320934218750000000e+05
4.546846638910999900e+03,-1.875000156250000000e+05,-1.232444140625000000e+05,-1.258770234375000000e+05,1.358977148437500000e+04,-1.875000156250000000e+05,4.674225781250000000e+04,-1.230807500000000000e+05,-1.320955937500000000e+05
4.546900566154000444e+03,-1.875000156250000000e+05,-1.233135703125000000e+05,-1.259093203125000000e+05,1.364026367187500000e+04,-1.875000156250000000e+05,4.679512109375000000e+04,-1.230727734375000000e+05,-1.320470625000000000e+05
4.546901047241000015e+03,-1.875000156250000000e+05,-1.232734921875000000e+05,-1.258509140625000000e+05,1.360800976562500000e+04,-1.875000156250000000e+05,4.676137109375000000e+04,-1.230237109375000000e+05,-1.320328437500000000e+05
4.546901454992000254e+03,-1.875000156250000000e+05,-1.232048515625000000e+05,-1.257985000000000000e+05,1.356254687500000000e+04,-1.875000156250000000e+05,4.671489843750000000e+04,-1.230018984375000000e+05,-1.320528593750000000e+05
4.546901855897999667e+03,-1.875000156250000000e+05,-1.231773593750000000e+05,-1.258026562500000000e+05,1.354535839843750000e+04,-1.875000156250000000e+05,4.669811328125000000e+04,-1.230259921875000000e+05,-1.320857343750000000e+05
4.546902326229999744e+03,-1.875000156250000000e+05,-1.232548281250000000e+05,-1.258886250000000000e+05,1.360412109375000000e+04,-1.875000156250000000e+05,4.676027343750000000e+04,-1.230804375000000000e+05,-1.320867656250000000e+05
4.546902727624999898e+03,-1.875000156250000000e+05,-1.233208125000000000e+05,-1.259188437500000000e+05,1.365573144531250000e+04,-1.875000156250000000e+05,4.681331640625000000e+04,-1.230705156250000000e+05,-1.320396718750000000e+05
4.546903127552999649e+03,-1.875000156250000000e+05,-1.232752343750000000e+05,-1.258477656250000000e+05,1.362680761718750000e+04,-1.875000156250000000e+05,4.678253515625000000e+04,-1.230132031250000000e+05,-1.320147968750000000e+05
4.546903574416000083e+03,-1.875000156250000000e+05,-1.232041796875000000e+05,-1.258041328125000000e+05,1.357519824218750000e+04,-1.875000156250000000e+05,4.673201953125000000e+04,-1.230033906250000000e+05,-1.320510937500000000e+05
4.546903972877999877e+03,-1.875000156250000000e+05,-1.231830781250000000e+05,-1.258051406250000000e+05,1.358322167968750000e+04,-1.875000156250000000e+05,4.674150000000000000e+04,-1.230178359375000000e+05,-1.320656562500000000e+05
4.546904393828999673e+03,-1.875000156250000000e+05,-1.232422890625000000e+05,-1.258817187500000000e+05,1.362010253906250000e+04,-1.875000156250000000e+05,4.677882421875000000e+04,-1.230683671875000000e+05,-1.320736562500000000e+05
4.546904862694000258e+03,-1.875000156250000000e+05,-1.233122734375000000e+05,-1.259200937500000000e+05,1.366505175781250000e+04,-1.875000156250000000e+05,4.682491406250000000e+04,-1.230685468750000000e+05,-1.320354218750000000e+05
4.546905266533000031e+03,-1.875000156250000000e+05,-1.232765781250000000e+05,-1.258547812500000000e+05,1.364491308593750000e+04,-1.875000156250000000e+05,4.680591796875000000e+04,-1.230163125000000000e+05,-1.320122812500000000e+05
4.546905671839999741e+03,-1.875000156250000000e+05,-1.232059453125000000e+05,-1.257962890625000000e+05,1.359886816406250000e+04,-1.875000156250000000e+05,4.675767968750000000e+04,-1.229910078125000000e+05,-1.320304375000000000e+05
4.546906136304000029e+03,-1.875000156250000000e+05,-1.231800625000000000e+05,-1.258021406250000000e+05,1.358523339843750000e+04,-1.875000156250000000e+05,4.674382421875000000e+04,-1.230155546875000000e+05,-1.320664375000000000e+05
4.546906544544000099e+03,-1.875000156250000000e+05,-1.232609765625000000e+05,-1.258823906250000000e+05,1.365807812500000000e+04,-1.875000156250000000e+05,4.681870312500000000e+04,-1.230584453125000000e+05,-1.320555781250000000e+05
4.546959528678999959e+03,-1.875000156250000000e+05,-1.233092578125000000e+05,-1.259036875000000000e+05,1.368344726562500000e+04,-1.875000156250000000e+05,4.684458593750000000e+04,-1.230459531250000000e+05,-1.320136562500000000e+05
4.546959974565000266e+03,-1.875000156250000000e+05,-1.232800625000000000e+05,-1.258547578125000000e+05,1.366643750000000000e+04,-1.875000156250000000e+05,4.682744140625000000e+04,-1.230081093750000000e+05,-1.320009062500000000e+05
4.546960377426999912e+03,-1.875000156250000000e+05,-1.232101250000000000e+05,-1.257934062500000000e+05,1.362233789062500000e+04,-1.875000156250000000e+05,4.678164062500000000e+04,-1.229770390625000000e+05,-1.320145937500000000e+05
4.546960792021999623e+03,-1.875000156250000000e+05,-1.231766406250000000e+05,-1.257931796875000000e+05,1.360150585937500000e+04,-1.875000156250000000e+05,4.676293359375000000e+04,-1.229970000000000000e+05,-1.320518906250000000e+05
4.546961268709000251e+03,-1.875000156250000000e+05,-1.232428046875000000e+05,-1.258740078125000000e+05,1.364710351562500000e+04,-1.875000156250000000e+05,4.680998437500000000e+04,-1.230501328125000000e+05,-1.320587968750000000e+05
4.546961727795999650e+03,-1.875000156250000000e+05,-1.233087421875000000e+05,-1.259095234375000000e+05,1.368729199218750000e+04,-1.875000156250000000e+05,4.685319140625000000e+04,-1.230497500000000000e+05,-1.320196562500000000e+05
4.546962205949999770e+03,-1.875000156250000000e+05,-1.232742500000000000e+05,-1.258469843750000000e+05,1.366015722656250000e+04,-1.875000156250000000e+05,4.682775390625000000e+04,-1.230025625000000000e+05,-1.319961718750000000e+05
4.546962664057999973e+03,-1.875000156250000000e+05,-1.232080937500000000e+05,-1.257932500000000000e+05,1.361972265625000000e+04,-1.875000156250000000e+05,4.678606640625000000e+04,-1.229796796875000000e+05,-1.320167968750000000e+05
4.546963147100999777e+03,-1.875000156250000000e+05,-1.231735156250000000e+05,-1.257859843750000000e+05,1.360843457031250000e+04,-1.875000156250000000e+05,4.677350781250000000e+04,-1.229888671875000000e+05,-1.320388593750000000e+05
4.546963621832000172e+03,-1.875000156250000000e+05,-1.232384453125000000e+05,-1.258663593750000000e+05,1.365356347656250000e+04,-1.875000156250000000e+05,4.681932812500000000e+04,-1.230435156250000000e+05,-1.320472031250000000e+05
4.546964098030999594e+03,-1.875000156250000000e+05,-1.233012500000000000e+05,-1.259004218750000000e+05,1.369229882812500000e+04,-1.875000156250000000e+05,4.685907031250000000e+04,-1.230387734375000000e+05,-1.320063593750000000e+05
4.546964451511999869e+03,-1.875000156250000000e+05,-1.232654218750000000e+05,-1.258380000000000000e+05,1.366885156250000000e+04,-1.875000156250000000e+05,4.683649218750000000e+04,-1.229912343750000000e+05,-1.319860625000000000e+05
4.546964801082999657e+03,-1.875000156250000000e+05,-1.231930000000000000e+05,-1.257839921875000000e+05,1.361221191406250000e+04,-1.875000156250000000e+05,4.677931640625000000e+04,-1.229720546875000000e+05,-1.320141406250000000e+05
4.546965219589999833e+03,-1.875000156250000000e+05,-1.231641718750000000e+05,-1.257866562500000000e+05,1.360246679687500000e+04,-1.875000156250000000e+05,4.677021875000000000e+04,-1.229915000000000000e+05,-1.320466250000000000e+05
4.546965687965000143e+03,-1.875000156250000000e+05,-1.232294609375000000e+05,-1.258592500000000000e+05,1.365414453125000000e+04,-1.875000156250000000e+05,4.682415625000000000e+04,-1.230374609375000000e+05,-1.320456718750000000e+05
4.547020611117999579e+03,-1.875000156250000000e+05,-1.232887812500000000e+05,-1.258908593750000000e+05,1.369361718750000000e+04,-1.875000156250000000e+05,4.686430078125000000e+04,-1.230354218750000000e+05,-1.320075468750000000e+05
4.547021103449999828e+03,-1.875000156250000000e+05,-1.232509140625000000e+05,-1.258314687500000000e+05,1.366874023437500000e+04,-1.875000156250000000e+05,4.683955468750000000e+04,-1.229867890625000000e+05,-1.319869218750000000e+05
4.547021808946999954e+03,-1.875000156250000000e+05,-1.231903203125000000e+05,-1.257767734375000000e+05,1.363968261718750000e+04,-1.875000156250000000e+05,4.680967187500000000e+04,-1.229580000000000000e+05,-1.319981406250000000e+05
4.547022283188999609e+03,-1.875000156250000000e+05,-1.231429609375000000e+05,-1.257619375000000000e+05,1.360872558593750000e+04,-1.875000156250000000e+05,4.677942968750000000e+04,-1.229716328125000000e+05,-1.320289843750000000e+05
4.547022741787000086e+03,-1.875000156250000000e+05,-1.232078203125000000e+05,-1.258481015625000000e+05,1.364189550781250000e+04,-1.875000156250000000e+05,4.681617578125000000e+04,-1.230357812500000000e+05,-1.320527187500000000e+05
4.547023489330000302e+03,-1.875000156250000000e+05,-1.232813125000000000e+05,-1.258884453125000000e+05,1.368709082031250000e+04,-1.875000156250000000e+05,4.686295703125000000e+04,-1.230372968750000000e+05,-1.320121718750000000e+05
4.547023955749999914e+03,-1.875000156250000000e+05,-1.232462656250000000e+05,-1.258316953125000000e+05,1.366572265625000000e+04,-1.875000156250000000e+05,4.684053906250000000e+04,-1.229888906250000000e+05,-1.319892031250000000e+05
4.547024647557000208e+03,-1.875000156250000000e+05,-1.231793671875000000e+05,-1.257781171875000000e+05,1.362638378906250000e+04,-1.875000156250000000e+05,4.679950000000000000e+04,-1.229635625000000000e+05,-1.320063593750000000e+05
4.547025120332999904e+03,-1.875000156250000000e+05,-1.231470468750000000e+05,-1.257688593750000000e+05,1.361069238281250000e+04,-1.875000156250000000e+05,4.678412500000000000e+04,-1.229770390625000000e+05,-1.320310156250000000e+05
4.547025765205000425e+03,-1.875000156250000000e+05,-1.232122031250000000e+05,-1.258540000000000000e+05,1.363845312500000000e+04,-1.875000156250000000e+05,4.681423046875000000e+04,-1.230387734375000000e+05,-1.320523437500000000e+05
4.547026252648000082e+03,-1.875000156250000000e+05,-1.232841093750000000e+05,-1.258996875000000000e+05,1.367204785156250000e+04,-1.875000156250000000e+05,4.684733593750000000e+04,-1.230425781250000000e+05,-1.320234687500000000e+05
4.547026719067999693e+03,-1.875000156250000000e+05,-1.232551875000000000e+05,-1.258507187500000000e+05,1.364515917968750000e+04,-1.875000156250000000e+05,4.682107031250000000e+04,-1.229989453125000000e+05,-1.320079687500000000e+05
4.547027465144000416e+03,-1.875000156250000000e+05,-1.231960625000000000e+05,-1.258000468750000000e+05,1.359927050781250000e+04,-1.875000156250000000e+05,4.677837890625000000e+04,-1.229778203125000000e+05,-1.320277812500000000e+05
4.547027942808999796e+03,-1.875000156250000000e+05,-1.231731562500000000e+05,-1.257957734375000000e+05,1.359392871093750000e+04,-1.875000156250000000e+05,4.677536328125000000e+04,-1.229938750000000000e+05,-1.320508593750000000e+05
4.547028632171999561e+03,-1.875000156250000000e+05,-1.232330781250000000e+05,-1.258672812500000000e+05,1.363570410156250000e+04,-1.875000156250000000e+05,4.681917187500000000e+04,-1.230419296875000000e+05,-1.320547812500000000e+05
4.547080682490000072e+03,-1.875000156250000000e+05,-1.232987500000000000e+05,-1.259078203125000000e+05,1.368125683593750000e+04,-1.875000156250000000e+05,4.686675781250000000e+04,-1.230458828125000000e+05,-1.320179218750000000e+05
4.547081173356000363e+03,-1.875000156250000000e+05,-1.232632968750000000e+05,-1.258401171875000000e+05,1.366154296875000000e+04,-1.875000156250000000e+05,4.684728906250000000e+04,-1.229900234375000000e+05,-1.319890468750000000e+05
4.547081745868999860e+03,-1.875000156250000000e+05,-1.231874375000000000e+05,-1.257811328125000000e+05,1.360409863281250000e+04,-1.875000156250000000e+05,4.678877343750000000e+04,-1.229685937500000000e+05,-1.320157500000000000e+05
4.547082374607000020e+03,-1.875000156250000000e+05,-1.231577343750000000e+05,-1.257847578125000000e+05,1.358257421875000000e+04,-1.875000156250000000e+05,4.676735937500000000e+04,-1.229961093750000000e+05,-1.320591093750000000e+05
4.547082844450000266e+03,-1.875000156250000000e+05,-1.232262656250000000e+05,-1.258612656250000000e+05,1.363217285156250000e+04,-1.875000156250000000e+05,4.681747265625000000e+04,-1.230469375000000000e+05,-1.320627500000000000e+05
4.547083474164999643e+03,-1.875000156250000000e+05,-1.232958906250000000e+05,-1.258991953125000000e+05,1.367989355468750000e+04,-1.875000156250000000e+05,4.686452343750000000e+04,-1.230470468750000000e+05,-1.320235000000000000e+05
4.547083945475000291e+03,-1.875000156250000000e+05,-1.232592500000000000e+05,-1.258358750000000000e+05,1.366064843750000000e+04,-1.875000156250000000e+05,4.684380078125000000e+04,-1.229931328125000000e+05,-1.319988906250000000e+05
4.547084737997000047e+03,-1.875000156250000000e+05,-1.231807734375000000e+05,-1.257796171875000000e+05,1.360847949218750000e+04,-1.875000156250000000e+05,4.679042578125000000e+04,-1.229675000000000000e+05,-1.320183593750000000e+05
4.547085163349000140e+03,-1.875000156250000000e+05,-1.231475390625000000e+05,-1.257840859375000000e+05,1.358921289062500000e+04,-1.875000156250000000e+05,4.677109375000000000e+04,-1.229914375000000000e+05,-1.320558437500000000e+05
4.547085570610999639e+03,-1.875000156250000000e+05,-1.232223046875000000e+05,-1.258663593750000000e+05,1.364927148437500000e+04,-1.875000156250000000e+05,4.683289453125000000e+04,-1.230441640625000000e+05,-1.320579218750000000e+05
4.547086114767000254e+03,-1.875000156250000000e+05,-1.232836406250000000e+05,-1.258961093750000000e+05,1.368559277343750000e+04,-1.875000156250000000e+05,4.686843359375000000e+04,-1.230402031250000000e+05,-1.320161250000000000e+05
4.547086695103000238e+03,-1.875000156250000000e+05,-1.232477656250000000e+05,-1.258446796875000000e+05,1.364536035156250000e+04,-1.875000156250000000e+05,4.682625781250000000e+04,-1.230056953125000000e+05,-1.320125156250000000e+05
4.547087101387000075e+03,-1.875000156250000000e+05,-1.231922656250000000e+05,-1.257954140625000000e+05,1.361194433593750000e+04,-1.875000156250000000e+05,4.679127734375000000e+04,-1.229847500000000000e+05,-1.320292031250000000e+05
4.547087566829999560e+03,-1.875000156250000000e+05,-1.231554062500000000e+05,-1.257862734375000000e+05,1.358950292968750000e+04,-1.875000156250000000e+05,4.676966015625000000e+04,-1.230002187500000000e+05,-1.320595781250000000e+05
4.547088110497000343e+03,-1.875000156250000000e+05,-1.232223984375000000e+05,-1.258676093750000000e+05,1.363181445312500000e+04,-1.875000156250000000e+05,4.681548437500000000e+04,-1.230543359375000000e+05,-1.320718593750000000e+05
4.547140571009999803e+03,-1.875000156250000000e+05,-1.232896328125000000e+05,-1.259060546875000000e+05,1.366782324218750000e+04,-1.875000156250000000e+05,4.685218359375000000e+04,-1.230548671875000000e+05,-1.320375468750000000e+05
4.547141108810999867e+03,-1.875000156250000000e+05,-1.232632109375000000e+05,-1.258539765625000000e+05,1.365669238281250000e+04,-1.875000156250000000e+05,4.684194921875000000e+04,-1.230101171875000000e+05,-1.320158125000000000e+05
4.547141581586999564e+03,-1.875000156250000000e+05,-1.231873281250000000e+05,-1.257915312500000000e+05,1.360255664062500000e+04,-1.875000156250000000e+05,4.678742968750000000e+04,-1.229819375000000000e+05,-1.320337500000000000e+05
4.547141993737999655e+03,-1.875000156250000000e+05,-1.231614843750000000e+05,-1.257887968750000000e+05,1.359605175781250000e+04,-1.875000156250000000e+05,4.678271484375000000e+04,-1.230013359375000000e+05,-1.320590468750000000e+05
4.547142429845000152e+03,-1.875000156250000000e+05,-1.232205625000000000e+05,-1.258609062500000000e+05,1.363451953125000000e+04,-1.875000156250000000e+05,4.682500390625000000e+04,-1.230534609375000000e+05,-1.320667187500000000e+05
4.547142967646000216e+03,-1.875000156250000000e+05,-1.232856093750000000e+05,-1.258974062500000000e+05,1.368110058593750000e+04,-1.875000156250000000e+05,4.687408984375000000e+04,-1.230493046875000000e+05,-1.320252031250000000e+05
4.547143378818999736e+03,-1.875000156250000000e+05,-1.232468671875000000e+05,-1.258369453125000000e+05,1.365921777343750000e+04,-1.875000156250000000e+05,4.685214062500000000e+04,-1.229971562500000000e+05,-1.320004843750000000e+05
4.547143778747000397e+03,-1.875000156250000000e+05,-1.231797265625000000e+05,-1.257799921875000000e+05,1.362278515625000000e+04,-1.875000156250000000e+05,4.681505859375000000e+04,-1.229686562500000000e+05,-1.320124843750000000e+05
4.547144373262000045e+03,-1.875000156250000000e+05,-1.231349765625000000e+05,-1.257675625000000000e+05,1.359629785156250000e+04,-1.875000156250000000e+05,4.678742968750000000e+04,-1.229815078125000000e+05,-1.320425312500000000e+05
4.547144856793000145e+03,-1.875000156250000000e+05,-1.232016718750000000e+05,-1.258461093750000000e+05,1.364826562500000000e+04,-1.875000156250000000e+05,4.684154687500000000e+04,-1.230326328125000000e+05,-1.320515312500000000e+05
4.547145265033000214e+03,-1.875000156250000000e+05,-1.232635234375000000e+05,-1.258791875000000000e+05,1.367607128906250000e+04,-1.875000156250000000e+05,4.687205468750000000e+04,-1.230320000000000000e+05,-1.320174687500000000e+05
4.547145684029000222e+03,-1.875000156250000000e+05,-1.232386875000000000e+05,-1.258319843750000000e+05,1.365620019531250000e+04,-1.875000156250000000e+05,4.685021875000000000e+04,-1.229917734375000000e+05,-1.320023906250000000e+05
4.547146223785000075e+03,-1.875000156250000000e+05,-1.231660703125000000e+05,-1.257745156250000000e+05,1.359839941406250000e+04,-1.875000156250000000e+05,4.679062890625000000e+04,-1.229654843750000000e+05,-1.320233281250000000e+05
4.547146639847000188e+03,-1.875000156250000000e+05,-1.231344843750000000e+05,-1.257793906250000000e+05,1.356880566406250000e+04,-1.875000156250000000e+05,4.675960546875000000e+04,-1.229988359375000000e+05,-1.320744687500000000e+05
4.547147048576000088e+03,-1.875000156250000000e+05,-1.232047187500000000e+05,-1.258625859375000000e+05,1.361156445312500000e+04,-1.875000156250000000e+05,4.680155859375000000e+04,-1.230580000000000000e+05,-1.320876718750000000e+05
4.547200587622999592e+03,-1.875000156250000000e+05,-1.232812031250000000e+05,-1.259025468750000000e+05,1.366505175781250000e+04,-1.875000156250000000e+05,4.685426171875000000e+04,-1.230547578125000000e+05,-1.320435312500000000e+05
4.547201032042000406e+03,-1.875000156250000000e+05,-1.232375078125000000e+05,-1.258420234375000000e+05,1.361876171875000000e+04,-1.875000156250000000e+05,4.680685546875000000e+04,-1.230116406250000000e+05,-1.320336562500000000e+05
4.547201437837000412e+03,-1.875000156250000000e+05,-1.231790546875000000e+05,-1.257949218750000000e+05,1.357913183593750000e+04,-1.875000156250000000e+05,4.676528125000000000e+04,-1.229943828125000000e+05,-1.320559843750000000e+05
4.547202146266999989e+03,-1.875000156250000000e+05,-1.231451250000000000e+05,-1.257851328125000000e+05,1.357090625000000000e+04,-1.875000156250000000e+05,4.675593750000000000e+04,-1.230036875000000000e+05,-1.320797500000000000e+05
4.547202560374000313e+03,-1.875000156250000000e+05,-1.231908359375000000e+05,-1.258533046875000000e+05,1.359564941406250000e+04,-1.875000156250000000e+05,4.678293750000000000e+04,-1.230540390625000000e+05,-1.320954375000000000e+05
4.547203055639999548e+03,-1.875000156250000000e+05,-1.232632578125000000e+05,-1.259046484375000000e+05,1.363869921875000000e+04,-1.875000156250000000e+05,4.683021093750000000e+04,-1.230699140625000000e+05,-1.320681875000000000e+05
4.547203631086000314e+03,-1.875000156250000000e+05,-1.232261484375000000e+05,-1.258413515625000000e+05,1.361420214843750000e+04,-1.875000156250000000e+05,4.680785937500000000e+04,-1.230209140625000000e+05,-1.320412343750000000e+05
4.547204089195000051e+03,-1.875000156250000000e+05,-1.231615312500000000e+05,-1.257859140625000000e+05,1.357267187500000000e+04,-1.875000156250000000e+05,4.676720312500000000e+04,-1.229959687500000000e+05,-1.320615937500000000e+05
4.547204678330999741e+03,-1.875000156250000000e+05,-1.231197343750000000e+05,-1.257739609375000000e+05,1.355879199218750000e+04,-1.875000156250000000e+05,4.675379296875000000e+04,-1.230033515625000000e+05,-1.320855625000000000e+05
4.547205106127000363e+03,-1.875000156250000000e+05,-1.231741406250000000e+05,-1.258439609375000000e+05,1.360977636718750000e+04,-1.875000156250000000e+05,4.680839843750000000e+04,-1.230496875000000000e+05,-1.320865625000000000e+05
4.547205514367000433e+03,-1.875000156250000000e+05,-1.232362734375000000e+05,-1.258826093750000000e+05,1.363901171875000000e+04,-1.875000156250000000e+05,4.684022656250000000e+04,-1.230554921875000000e+05,-1.320569062500000000e+05
4.547206168527999580e+03,-1.875000156250000000e+05,-1.232175937500000000e+05,-1.258336406250000000e+05,1.362725488281250000e+04,-1.875000156250000000e+05,4.683066015625000000e+04,-1.230134765625000000e+05,-1.320351093750000000e+05
4.547206579212999713e+03,-1.875000156250000000e+05,-1.231550312500000000e+05,-1.257722187500000000e+05,1.359739355468750000e+04,-1.875000156250000000e+05,4.680055078125000000e+04,-1.229801250000000000e+05,-1.320377656250000000e+05
4.547207141459000013e+03,-1.875000156250000000e+05,-1.231070625000000000e+05,-1.257633828125000000e+05,1.357341015625000000e+04,-1.875000156250000000e+05,4.677701562500000000e+04,-1.229933125000000000e+05,-1.320664218750000000e+05
4.547207577565999600e+03,-1.875000156250000000e+05,-1.231597890625000000e+05,-1.258447890625000000e+05,1.360161718750000000e+04,-1.875000156250000000e+05,4.680797265625000000e+04,-1.230509765625000000e+05,-1.320848125000000000e+05
4.547260578323000118e+03,-1.875000156250000000e+05,-1.232411484375000000e+05,-1.258986171875000000e+05,1.364737207031250000e+04,-1.875000156250000000e+05,4.685473437500000000e+04,-1.230623828125000000e+05,-1.320522343750000000e+05
4.547261027630999706e+03,-1.875000156250000000e+05,-1.232266875000000000e+05,-1.258448828125000000e+05,1.363373730468750000e+04,-1.875000156250000000e+05,4.684283984375000000e+04,-1.230198671875000000e+05,-1.320288281250000000e+05
4.547261441249000200e+03,-1.875000156250000000e+05,-1.231613281250000000e+05,-1.257862968750000000e+05,1.358813964843750000e+04,-1.875000156250000000e+05,4.679574609375000000e+04,-1.229902265625000000e+05,-1.320435937500000000e+05
4.547262087099000382e+03,-1.875000156250000000e+05,-1.231183046875000000e+05,-1.257830546875000000e+05,1.356216699218750000e+04,-1.875000156250000000e+05,4.676995312500000000e+04,-1.230074843750000000e+05,-1.320819531250000000e+05
4.547262497294000241e+03,-1.875000156250000000e+05,-1.231754531250000000e+05,-1.258635468750000000e+05,1.359781738281250000e+04,-1.875000156250000000e+05,4.680837500000000000e+04,-1.230691328125000000e+05,-1.320998125000000000e+05
4.547262900644999718e+03,-1.875000156250000000e+05,-1.232663359375000000e+05,-1.259105468750000000e+05,1.367093066406250000e+04,-1.875000156250000000e+05,4.688432812500000000e+04,-1.230710078125000000e+05,-1.320476093750000000e+05
4.547263522049000130e+03,-1.875000156250000000e+05,-1.232317421875000000e+05,-1.258432031250000000e+05,1.363507812500000000e+04,-1.875000156250000000e+05,4.684798046875000000e+04,-1.230165156250000000e+05,-1.320216718750000000e+05
4.547263931266999862e+03,-1.875000156250000000e+05,-1.231653125000000000e+05,-1.257947265625000000e+05,1.358552441406250000e+04,-1.875000156250000000e+05,4.679485156250000000e+04,-1.229970000000000000e+05,-1.320489375000000000e+05
4.547264378130000296e+03,-1.875000156250000000e+05,-1.231295937500000000e+05,-1.257882421875000000e+05,1.358731250000000000e+04,-1.875000156250000000e+05,4.679717578125000000e+04,-1.230055859375000000e+05,-1.320706718750000000e+05
4.547264983889999712e+03,-1.875000156250000000e+05,-1.231846406250000000e+05,-1.258499531250000000e+05,1.364625390625000000e+04,-1.875000156250000000e+05,4.685806250000000000e+04,-1.230432500000000000e+05,-1.320610781250000000e+05
4.547265391640000416e+03,-1.875000156250000000e+05,-1.232447031250000000e+05,-1.258807578125000000e+05,1.368514648437500000e+04,-1.875000156250000000e+05,4.689530078125000000e+04,-1.230421250000000000e+05,-1.320220937500000000e+05
4.547265797435999957e+03,-1.875000156250000000e+05,-1.232221015625000000e+05,-1.258283437500000000e+05,1.367265136718750000e+04,-1.875000156250000000e+05,4.688130859375000000e+04,-1.229975390625000000e+05,-1.320007812500000000e+05
4.547266392438999901e+03,-1.875000156250000000e+05,-1.231551171875000000e+05,-1.257664921875000000e+05,1.362915527343750000e+04,-1.875000156250000000e+05,4.683698437500000000e+04,-1.229629375000000000e+05,-1.320102031250000000e+05
4.547266814368000269e+03,-1.875000156250000000e+05,-1.231112656250000000e+05,-1.257556953125000000e+05,1.360968652343750000e+04,-1.875000156250000000e+05,4.681964062500000000e+04,-1.229776640625000000e+05,-1.320418125000000000e+05
4.547267219674000444e+03,-1.875000156250000000e+05,-1.231590703125000000e+05,-1.258276250000000000e+05,1.364354980468750000e+04,-1.875000156250000000e+05,4.685752734375000000e+04,-1.230257421875000000e+05,-1.320520000000000000e+05
4.547320563156999924e+03,-1.875000156250000000e+05,-1.232341328125000000e+05,-1.258825000000000000e+05,1.368203906250000000e+04,-1.875000156250000000e+05,4.689612890625000000e+04,-1.230403437500000000e+05,-1.320260781250000000e+05
4.547321136647999992e+03,-1.875000156250000000e+05,-1.232145078125000000e+05,-1.258309765625000000e+05,1.366040234375000000e+04,-1.875000156250000000e+05,4.687415625000000000e+04,-1.229970468750000000e+05,-1.320043125000000000e+05
4.547321546844000295e+03,-1.875000156250000000e+05,-1.231490390625000000e+05,-1.257781171875000000e+05,1.360351757812500000e+04,-1.875000156250000000e+05,4.681921484375000000e+04,-1.229777578125000000e+05,-1.320320625000000000e+05
4.547321950194000237e+03,-1.875000156250000000e+05,-1.231168046875000000e+05,-1.257741796875000000e+05,1.359547070312500000e+04,-1.875000156250000000e+05,4.681317968750000000e+04,-1.229938750000000000e+05,-1.320582656250000000e+05
4.547322568175999550e+03,-1.875000156250000000e+05,-1.231685468750000000e+05,-1.258386640625000000e+05,1.364654492187500000e+04,-1.875000156250000000e+05,4.686693750000000000e+04,-1.230371250000000000e+05,-1.320547812500000000e+05
4.547322974460000296e+03,-1.875000156250000000e+05,-1.232343984375000000e+05,-1.258772265625000000e+05,1.368637500000000000e+04,-1.875000156250000000e+05,4.690612109375000000e+04,-1.230403203125000000e+05,-1.320171406250000000e+05
4.547323373899999751e+03,-1.875000156250000000e+05,-1.232079765625000000e+05,-1.258304218750000000e+05,1.365532910156250000e+04,-1.875000156250000000e+05,4.687303906250000000e+04,-1.230030781250000000e+05,-1.320103437500000000e+05
4.547323988948000078e+03,-1.875000156250000000e+05,-1.231559687500000000e+05,-1.257790546875000000e+05,1.363033984375000000e+04,-1.875000156250000000e+05,4.684668750000000000e+04,-1.229769296875000000e+05,-1.320204375000000000e+05
4.547324450479000006e+03,-1.875000156250000000e+05,-1.231039062500000000e+05,-1.257615078125000000e+05,1.360179687500000000e+04,-1.875000156250000000e+05,4.681695703125000000e+04,-1.229851093750000000e+05,-1.320502187500000000e+05
4.547324854317999780e+03,-1.875000156250000000e+05,-1.231562578125000000e+05,-1.258394531250000000e+05,1.363429589843750000e+04,-1.875000156250000000e+05,4.685093359375000000e+04,-1.230438750000000000e+05,-1.320711406250000000e+05
4.547325448833000337e+03,-1.875000156250000000e+05,-1.232391171875000000e+05,-1.258923125000000000e+05,1.368241894531250000e+04,-1.875000156250000000e+05,4.689838671875000000e+04,-1.230550937500000000e+05,-1.320381718750000000e+05
4.547325860005999857e+03,-1.875000156250000000e+05,-1.232158671875000000e+05,-1.258383750000000000e+05,1.365503808593750000e+04,-1.875000156250000000e+05,4.686995312500000000e+04,-1.230086250000000000e+05,-1.320138906250000000e+05
4.547326267268000265e+03,-1.875000156250000000e+05,-1.231536875000000000e+05,-1.257922656250000000e+05,1.360295898437500000e+04,-1.875000156250000000e+05,4.681635546875000000e+04,-1.229933984375000000e+05,-1.320442500000000000e+05
4.547326861782000378e+03,-1.875000156250000000e+05,-1.231221718750000000e+05,-1.257849375000000000e+05,1.360481347656250000e+04,-1.875000156250000000e+05,4.681883593750000000e+04,-1.229988593750000000e+05,-1.320622187500000000e+05
4.547327278333000322e+03,-1.875000156250000000e+05,-1.231707656250000000e+05,-1.258474296875000000e+05,1.364489062500000000e+04,-1.875000156250000000e+05,4.686112500000000000e+04,-1.230401875000000000e+05,-1.320648125000000000e+05
4.547380541145999814e+03,-1.875000156250000000e+05,-1.232460000000000000e+05,-1.258941250000000000e+05,1.369565136718750000e+04,-1.875000156250000000e+05,4.691476953125000000e+04,-1.230472265625000000e+05,-1.320282656250000000e+05
4.547380991920999804e+03,-1.875000156250000000e+05,-1.232226875000000000e+05,-1.258361640625000000e+05,1.368684472656250000e+04,-1.875000156250000000e+05,4.690634375000000000e+04,-1.229946093750000000e+05,-1.319945312500000000e+05
4.547381645593000030e+03,-1.875000156250000000e+05,-1.231514062500000000e+05,-1.257726406250000000e+05,1.363682128906250000e+04,-1.875000156250000000e+05,4.685721484375000000e+04,-1.229630703125000000e+05,-1.320068593750000000e+05
4.547382056276999720e+03,-1.875000156250000000e+05,-1.231033750000000000e+05,-1.257678984375000000e+05,1.360132714843750000e+04,-1.875000156250000000e+05,4.682346093750000000e+04,-1.229833437500000000e+05,-1.320520468750000000e+05
4.547382609723000314e+03,-1.875000156250000000e+05,-1.231609296875000000e+05,-1.258421328125000000e+05,1.365224414062500000e+04,-1.875000156250000000e+05,4.687882812500000000e+04,-1.230322031250000000e+05,-1.320554531250000000e+05
4.547383042409000154e+03,-1.875000156250000000e+05,-1.232352500000000000e+05,-1.258837968750000000e+05,1.369681347656250000e+04,-1.875000156250000000e+05,4.692768750000000000e+04,-1.230339687500000000e+05,-1.320140937500000000e+05
4.547383441359000244e+03,-1.875000156250000000e+05,-1.232122890625000000e+05,-1.258297031250000000e+05,1.367649609375000000e+04,-1.875000156250000000e+05,4.690920312500000000e+04,-1.229923046875000000e+05,-1.319948750000000000e+05
4.547384171790000437e+03,-1.875000156250000000e+05,-1.231512265625000000e+05,-1.257649296875000000e+05,1.364529296875000000e+04,-1.875000156250000000e+05,4.687929687500000000e+04,-1.229600078125000000e+05,-1.319967031250000000e+05
4.547384643587999562e+03,-1.875000156250000000e+05,-1.231002421875000000e+05,-1.257519609375000000e+05,1.361476074218750000e+04,-1.875000156250000000e+05,4.684878515625000000e+04,-1.229742031250000000e+05,-1.320344531250000000e+05
4.547385277704000146e+03,-1.875000156250000000e+05,-1.231507812500000000e+05,-1.258243828125000000e+05,1.365461328125000000e+04,-1.875000156250000000e+05,4.689009375000000000e+04,-1.230256562500000000e+05,-1.320465937500000000e+05
4.547385771502999887e+03,-1.875000156250000000e+05,-1.232226406250000000e+05,-1.258736718750000000e+05,1.368849902343750000e+04,-1.875000156250000000e+05,4.692587890625000000e+04,-1.230366093750000000e+05,-1.320170312500000000e+05
4.547386232056000154e+03,-1.875000156250000000e+05,-1.232059218750000000e+05,-1.258283593750000000e+05,1.367410449218750000e+04,-1.875000156250000000e+05,4.691045703125000000e+04,-1.229978281250000000e+05,-1.319999531250000000e+05
4.547387019200999930e+03,-1.875000156250000000e+05,-1.231440781250000000e+05,-1.257674765625000000e+05,1.364468945312500000e+04,-1.875000156250000000e+05,4.687938671875000000e+04,-1.229611953125000000e+05,-1.320025625000000000e+05
4.547387493442999585e+03,-1.875000156250000000e+05,-1.230968437500000000e+05,-1.257522343750000000e+05,1.362461718750000000e+04,-1.875000156250000000e+05,4.685766015625000000e+04,-1.229702421875000000e+05,-1.320323593750000000e+05
4.547388176450000174e+03,-1.875000156250000000e+05,-1.231489921875000000e+05,-1.258249453125000000e+05,1.367198046875000000e+04,-1.875000156250000000e+05,4.690500000000000000e+04,-1.230210078125000000e+05,-1.320426250000000000e+05
4.547440554824999708e+03,-1.875000156250000000e+05,-1.232251250000000000e+05,-1.258668750000000000e+05,1.372839648437500000e+04,-1.875000156250000000e+05,4.696096875000000000e+04,-1.230196406250000000e+05,-1.319992343750000000e+05
4.547441066714000044e+03,-1.875000156250000000e+05,-1.231922890625000000e+05,-1.258091640625000000e+05,1.369560644531250000e+04,-1.875000156250000000e+05,4.692768750000000000e+04,-1.229726406250000000e+05,-1.319800156250000000e+05
4.547441766832999747e+03,-1.875000156250000000e+05,-1.231284296875000000e+05,-1.257597656250000000e+05,1.364290136718750000e+04,-1.875000156250000000e+05,4.687462500000000000e+04,-1.229547968750000000e+05,-1.320041875000000000e+05
4.547442230808000204e+03,-1.875000156250000000e+05,-1.230946562500000000e+05,-1.257548046875000000e+05,1.362714355468750000e+04,-1.875000156250000000e+05,4.685967187500000000e+04,-1.229713593750000000e+05,-1.320339687500000000e+05
4.547442694295000365e+03,-1.875000156250000000e+05,-1.231441171875000000e+05,-1.258234218750000000e+05,1.366527539062500000e+04,-1.875000156250000000e+05,4.690180468750000000e+04,-1.230200703125000000e+05,-1.320442343750000000e+05
4.547443386101999749e+03,-1.875000156250000000e+05,-1.232229765625000000e+05,-1.258748750000000000e+05,1.370367578125000000e+04,-1.875000156250000000e+05,4.694203906250000000e+04,-1.230315312500000000e+05,-1.320148593750000000e+05
4.547443856922000123e+03,-1.875000156250000000e+05,-1.232171875000000000e+05,-1.258288984375000000e+05,1.370959863281250000e+04,-1.875000156250000000e+05,4.694807421875000000e+04,-1.229809531250000000e+05,-1.319802812500000000e+05
4.547444497393999882e+03,-1.875000156250000000e+05,-1.231408750000000000e+05,-1.257595000000000000e+05,1.366813671875000000e+04,-1.875000156250000000e+05,4.690544921875000000e+04,-1.229410078125000000e+05,-1.319827812500000000e+05
4.547444919323000249e+03,-1.875000156250000000e+05,-1.230868359375000000e+05,-1.257453515625000000e+05,1.363315625000000000e+04,-1.875000156250000000e+05,4.686776171875000000e+04,-1.229573671875000000e+05,-1.320227187500000000e+05
4.547445323652000297e+03,-1.875000156250000000e+05,-1.231411953125000000e+05,-1.258188437500000000e+05,1.367014843750000000e+04,-1.875000156250000000e+05,4.690835546875000000e+04,-1.230147500000000000e+05,-1.320393750000000000e+05
4.547445885408999857e+03,-1.875000156250000000e+05,-1.232182812500000000e+05,-1.258715937500000000e+05,1.369748437500000000e+04,-1.875000156250000000e+05,4.694042968750000000e+04,-1.230329453125000000e+05,-1.320172187500000000e+05
4.547446406586999728e+03,-1.875000156250000000e+05,-1.232105703125000000e+05,-1.258242734375000000e+05,1.369106933593750000e+04,-1.875000156250000000e+05,4.693611718750000000e+04,-1.229932890625000000e+05,-1.319886562500000000e+05
4.547446815803999925e+03,-1.875000156250000000e+05,-1.231440078125000000e+05,-1.257660468750000000e+05,1.364140332031250000e+04,-1.875000156250000000e+05,4.688725390625000000e+04,-1.229660468750000000e+05,-1.320013750000000000e+05
4.547447300802999962e+03,-1.875000156250000000e+05,-1.230977656250000000e+05,-1.257576171875000000e+05,1.360590917968750000e+04,-1.875000156250000000e+05,4.685260937500000000e+04,-1.229806875000000000e+05,-1.320378281250000000e+05
4.547447818558000108e+03,-1.875000156250000000e+05,-1.231636093750000000e+05,-1.258340859375000000e+05,1.366346484375000000e+04,-1.875000156250000000e+05,4.691628906250000000e+04,-1.230330781250000000e+05,-1.320423906250000000e+05
4.547500511790999553e+03,-1.875000156250000000e+05,-1.232323671875000000e+05,-1.258714375000000000e+05,1.370092675781250000e+04,-1.875000156250000000e+05,4.695663281250000000e+04,-1.230357343750000000e+05,-1.320010000000000000e+05
4.547501159108000138e+03,-1.875000156250000000e+05,-1.232115078125000000e+05,-1.258245390625000000e+05,1.367537792968750000e+04,-1.875000156250000000e+05,4.693137500000000000e+04,-1.229965546875000000e+05,-1.319857500000000000e+05
4.547501575659000082e+03,-1.875000156250000000e+05,-1.231564140625000000e+05,-1.257681718750000000e+05,1.363820703125000000e+04,-1.875000156250000000e+05,4.689501171875000000e+04,-1.229687734375000000e+05,-1.319944062500000000e+05
4.547502070923999781e+03,-1.875000156250000000e+05,-1.231126718750000000e+05,-1.257596562500000000e+05,1.360289160156250000e+04,-1.875000156250000000e+05,4.685817578125000000e+04,-1.229832578125000000e+05,-1.320310000000000000e+05
4.547502632681999785e+03,-1.875000156250000000e+05,-1.231759062500000000e+05,-1.258337968750000000e+05,1.365629003906250000e+04,-1.875000156250000000e+05,4.691564062500000000e+04,-1.230331015625000000e+05,-1.320366562500000000e+05
4.547503046787999665e+03,-1.875000156250000000e+05,-1.232566640625000000e+05,-1.258738906250000000e+05,1.370369824218750000e+04,-1.875000156250000000e+05,4.696680468750000000e+04,-1.230372343750000000e+05,-1.319926406250000000e+05
4.547503641792000053e+03,-1.875000156250000000e+05,-1.232347578125000000e+05,-1.258174765625000000e+05,1.368706835937500000e+04,-1.875000156250000000e+05,4.695108984375000000e+04,-1.229893750000000000e+05,-1.319635781250000000e+05
4.547504111633999855e+03,-1.875000156250000000e+05,-1.231677031250000000e+05,-1.257597187500000000e+05,1.363890039062500000e+04,-1.875000156250000000e+05,4.690178125000000000e+04,-1.229599375000000000e+05,-1.319794687500000000e+05
4.547504512540000178e+03,-1.875000156250000000e+05,-1.231285390625000000e+05,-1.257517890625000000e+05,1.360644531250000000e+04,-1.875000156250000000e+05,4.686946093750000000e+04,-1.229761015625000000e+05,-1.320196875000000000e+05
4.547505172078999749e+03,-1.875000156250000000e+05,-1.231905234375000000e+05,-1.258278515625000000e+05,1.364839941406250000e+04,-1.875000156250000000e+05,4.691367578125000000e+04,-1.230290078125000000e+05,-1.320327187500000000e+05
4.547505583741000009e+03,-1.875000156250000000e+05,-1.232771093750000000e+05,-1.258804687500000000e+05,1.370832519531250000e+04,-1.875000156250000000e+05,4.697529687500000000e+04,-1.230358046875000000e+05,-1.319914375000000000e+05
4.547505990513999677e+03,-1.875000156250000000e+05,-1.232594296875000000e+05,-1.258261484375000000e+05,1.370450292968750000e+04,-1.875000156250000000e+05,4.696950781250000000e+04,-1.229775312500000000e+05,-1.319536562500000000e+05
4.547506640276000326e+03,-1.875000156250000000e+05,-1.231812031250000000e+05,-1.257647500000000000e+05,1.364124707031250000e+04,-1.875000156250000000e+05,4.690560546875000000e+04,-1.229494375000000000e+05,-1.319758750000000000e+05
4.547507054871000037e+03,-1.875000156250000000e+05,-1.231419062500000000e+05,-1.257597890625000000e+05,1.360809960937500000e+04,-1.875000156250000000e+05,4.687404296875000000e+04,-1.229692421875000000e+05,-1.320171875000000000e+05
4.547507635207000021e+03,-1.875000156250000000e+05,-1.232052734375000000e+05,-1.258409218750000000e+05,1.364714843750000000e+04,-1.875000156250000000e+05,4.691642187500000000e+04,-1.230287421875000000e+05,-1.320370312500000000e+05
4.547508068381000157e+03,-1.875000156250000000e+05,-1.232945000000000000e+05,-1.258966718750000000e+05,1.370839160156250000e+04,-1.875000156250000000e+05,4.697916406250000000e+04,-1.230375703125000000e+05,-1.319948750000000000e+05
4.547561904195999887e+03,-1.875000156250000000e+05,-1.232727578125000000e+05,-1.258409062500000000e+05,1.369643359375000000e+04,-1.875000156250000000e+05,4.696765234375000000e+04,-1.229854687500000000e+05,-1.319642812500000000e+05
4.547562338837000425e+03,-1.875000156250000000e+05,-1.232092109375000000e+05,-1.257776250000000000e+05,1.366605761718750000e+04,-1.875000156250000000e+05,4.693566796875000000e+04,-1.229520703125000000e+05,-1.319722500000000000e+05
4.547562735831999817e+03,-1.875000156250000000e+05,-1.231535546875000000e+05,-1.257573281250000000e+05,1.363139062500000000e+04,-1.875000156250000000e+05,4.690294531250000000e+04,-1.229630000000000000e+05,-1.320036406250000000e+05
4.547563451107000219e+03,-1.875000156250000000e+05,-1.232065937500000000e+05,-1.258304453125000000e+05,1.366643750000000000e+04,-1.875000156250000000e+05,4.694326953125000000e+04,-1.230196875000000000e+05,-1.320212031250000000e+05
4.547563862768999570e+03,-1.875000156250000000e+05,-1.232940781250000000e+05,-1.258847578125000000e+05,1.373177148437500000e+04,-1.875000156250000000e+05,4.701072656250000000e+04,-1.230284921875000000e+05,-1.319782187500000000e+05
4.547564548708999610e+03,-1.875000156250000000e+05,-1.232698281250000000e+05,-1.258235312500000000e+05,1.371929980468750000e+04,-1.875000156250000000e+05,4.700008593750000000e+04,-1.229732421875000000e+05,-1.319419687500000000e+05
4.547565037618999668e+03,-1.875000156250000000e+05,-1.231948359375000000e+05,-1.257620703125000000e+05,1.366704101562500000e+04,-1.875000156250000000e+05,4.694863281250000000e+04,-1.229457265625000000e+05,-1.319617500000000000e+05
4.547565502571999787e+03,-1.875000156250000000e+05,-1.231543125000000000e+05,-1.257501093750000000e+05,1.365177539062500000e+04,-1.875000156250000000e+05,4.693604687500000000e+04,-1.229554296875000000e+05,-1.319865312500000000e+05
4.547566247671000383e+03,-1.875000156250000000e+05,-1.232080937500000000e+05,-1.258102109375000000e+05,1.370079199218750000e+04,-1.875000156250000000e+05,4.698689843750000000e+04,-1.229967343750000000e+05,-1.319848593750000000e+05
4.547566718490999847e+03,-1.875000156250000000e+05,-1.232731093750000000e+05,-1.258612421875000000e+05,1.372343457031250000e+04,-1.875000156250000000e+05,4.701043359375000000e+04,-1.230134765625000000e+05,-1.319650781250000000e+05
4.547567380475000391e+03,-1.875000156250000000e+05,-1.232636328125000000e+05,-1.258263515625000000e+05,1.370767675781250000e+04,-1.875000156250000000e+05,4.699442968750000000e+04,-1.229775546875000000e+05,-1.319483437500000000e+05
4.547567862050999793e+03,-1.875000156250000000e+05,-1.232088281250000000e+05,-1.257687734375000000e+05,1.367933496093750000e+04,-1.875000156250000000e+05,4.696680468750000000e+04,-1.229413437500000000e+05,-1.319485000000000000e+05
4.547568447276000370e+03,-1.875000156250000000e+05,-1.231559218750000000e+05,-1.257503984375000000e+05,1.363843066406250000e+04,-1.875000156250000000e+05,4.692583203125000000e+04,-1.229512890625000000e+05,-1.319848437500000000e+05
4.547569094104000214e+03,-1.875000156250000000e+05,-1.232156250000000000e+05,-1.258313828125000000e+05,1.367522167968750000e+04,-1.875000156250000000e+05,4.696376562500000000e+04,-1.230150859375000000e+05,-1.320074062500000000e+05
4.547569566879999911e+03,-1.875000156250000000e+05,-1.233005390625000000e+05,-1.258840390625000000e+05,1.373487890625000000e+04,-1.875000156250000000e+05,4.702384765625000000e+04,-1.230210546875000000e+05,-1.319647187500000000e+05
4.547621925209000437e+03,-1.875000156250000000e+05,-1.232767109375000000e+05,-1.258283437500000000e+05,1.373060937500000000e+04,-1.875000156250000000e+05,4.701776562500000000e+04,-1.229669843750000000e+05,-1.319283125000000000e+05
4.547622414118999586e+03,-1.875000156250000000e+05,-1.231989453125000000e+05,-1.257614843750000000e+05,1.368369335937500000e+04,-1.875000156250000000e+05,4.696975390625000000e+04,-1.229324062500000000e+05,-1.319402031250000000e+05
4.547623144549999779e+03,-1.875000156250000000e+05,-1.231471796875000000e+05,-1.257448984375000000e+05,1.365615625000000000e+04,-1.875000156250000000e+05,4.694065234375000000e+04,-1.229422812500000000e+05,-1.319765000000000000e+05
4.547623617815000216e+03,-1.875000156250000000e+05,-1.232017421875000000e+05,-1.258132109375000000e+05,1.370354199218750000e+04,-1.875000156250000000e+05,4.698980468750000000e+04,-1.229864765625000000e+05,-1.319843437500000000e+05
4.547624327223000364e+03,-1.875000156250000000e+05,-1.232701640625000000e+05,-1.258665156250000000e+05,1.373925976562500000e+04,-1.875000156250000000e+05,4.702451562500000000e+04,-1.229998203125000000e+05,-1.319588593750000000e+05
4.547624795110000377e+03,-1.875000156250000000e+05,-1.232545625000000000e+05,-1.258115781250000000e+05,1.374433398437500000e+04,-1.875000156250000000e+05,4.702961328125000000e+04,-1.229480078125000000e+05,-1.319195312500000000e+05
4.547625263484999778e+03,-1.875000156250000000e+05,-1.231682187500000000e+05,-1.257373671875000000e+05,1.368588378906250000e+04,-1.875000156250000000e+05,4.697114062500000000e+04,-1.229104765625000000e+05,-1.319381406250000000e+05
4.547625985605000096e+03,-1.875000156250000000e+05,-1.231142109375000000e+05,-1.257179218750000000e+05,1.365977734375000000e+04,-1.875000156250000000e+05,4.694371484375000000e+04,-1.229181640625000000e+05,-1.319717656250000000e+05
4.547626454958000068e+03,-1.875000156250000000e+05,-1.231505546875000000e+05,-1.257804609375000000e+05,1.368022851562500000e+04,-1.875000156250000000e+05,4.696570703125000000e+04,-1.229717421875000000e+05,-1.319951406250000000e+05
4.547627120365000337e+03,-1.875000156250000000e+05,-1.232276718750000000e+05,-1.258425312500000000e+05,1.371031445312500000e+04,-1.875000156250000000e+05,4.699635156250000000e+04,-1.230010000000000000e+05,-1.319836562500000000e+05
4.547627591673999632e+03,-1.875000156250000000e+05,-1.232234218750000000e+05,-1.257971562500000000e+05,1.371476171875000000e+04,-1.875000156250000000e+05,4.699930468750000000e+04,-1.229534609375000000e+05,-1.319478906250000000e+05
4.547628271257999586e+03,-1.875000156250000000e+05,-1.231624062500000000e+05,-1.257234453125000000e+05,1.368847656250000000e+04,-1.875000156250000000e+05,4.697145312500000000e+04,-1.229082187500000000e+05,-1.319472656250000000e+05
4.547628751367999939e+03,-1.875000156250000000e+05,-1.230985234375000000e+05,-1.256903828125000000e+05,1.364276757812500000e+04,-1.875000156250000000e+05,4.692518359375000000e+04,-1.229094687500000000e+05,-1.319803906250000000e+05
4.547629211921000206e+03,-1.875000156250000000e+05,-1.231450156250000000e+05,-1.257748750000000000e+05,1.365859179687500000e+04,-1.875000156250000000e+05,4.694380468750000000e+04,-1.229812421875000000e+05,-1.320194375000000000e+05
4.547629959953000252e+03,-1.875000156250000000e+05,-1.232347109375000000e+05,-1.258394296875000000e+05,1.371132031250000000e+04,-1.875000156250000000e+05,4.699747265625000000e+04,-1.229989453125000000e+05,-1.319827812500000000e+05
4.547681888041999628e+03,-1.875000156250000000e+05,-1.232155781250000000e+05,-1.257951718750000000e+05,1.368449804687500000e+04,-1.875000156250000000e+05,4.697102734375000000e+04,-1.229596484375000000e+05,-1.319626250000000000e+05
4.547682375485000193e+03,-1.875000156250000000e+05,-1.231597656250000000e+05,-1.257438046875000000e+05,1.364270019531250000e+04,-1.875000156250000000e+05,4.693108593750000000e+04,-1.229371875000000000e+05,-1.319817968750000000e+05
4.547683103960000153e+03,-1.875000156250000000e+05,-1.231228593750000000e+05,-1.257202031250000000e+05,1.363621777343750000e+04,-1.875000156250000000e+05,4.692694921875000000e+04,-1.229350625000000000e+05,-1.319951875000000000e+05
4.547683572335999997e+03,-1.875000156250000000e+05,-1.231537109375000000e+05,-1.257749453125000000e+05,1.365117187500000000e+04,-1.875000156250000000e+05,4.694539062500000000e+04,-1.229844843750000000e+05,-1.320155937500000000e+05
4.547684279789000357e+03,-1.875000156250000000e+05,-1.232345312500000000e+05,-1.258375937500000000e+05,1.369784179687500000e+04,-1.875000156250000000e+05,4.699329296875000000e+04,-1.230071015625000000e+05,-1.319882187500000000e+05
4.547684754519999842e+03,-1.875000156250000000e+05,-1.232157578125000000e+05,-1.257947656250000000e+05,1.366605761718750000e+04,-1.875000156250000000e+05,4.696168750000000000e+04,-1.229710703125000000e+05,-1.319737500000000000e+05
4.547685219472999961e+03,-1.875000156250000000e+05,-1.231643671875000000e+05,-1.257448593750000000e+05,1.363595019531250000e+04,-1.875000156250000000e+05,4.693115234375000000e+04,-1.229416562500000000e+05,-1.319840781250000000e+05
4.547685956260000239e+03,-1.875000156250000000e+05,-1.231165625000000000e+05,-1.257259921875000000e+05,1.361207812500000000e+04,-1.875000156250000000e+05,4.690573828125000000e+04,-1.229453203125000000e+05,-1.320127812500000000e+05
4.547686427569000443e+03,-1.875000156250000000e+05,-1.231563046875000000e+05,-1.257937656250000000e+05,1.362428222656250000e+04,-1.875000156250000000e+05,4.691894921875000000e+04,-1.230027890625000000e+05,-1.320419843750000000e+05
4.547687109598999996e+03,-1.875000156250000000e+05,-1.232463125000000000e+05,-1.258616484375000000e+05,1.367531152343750000e+04,-1.875000156250000000e+05,4.697058203125000000e+04,-1.230295000000000000e+05,-1.320194218750000000e+05
4.547687579440999798e+03,-1.875000156250000000e+05,-1.232349375000000000e+05,-1.258136562500000000e+05,1.366478320312500000e+04,-1.875000156250000000e+05,4.695810937500000000e+04,-1.229822734375000000e+05,-1.319893125000000000e+05
4.547688231158000235e+03,-1.875000156250000000e+05,-1.231712578125000000e+05,-1.257574375000000000e+05,1.361578906250000000e+04,-1.875000156250000000e+05,4.690716796875000000e+04,-1.229567421875000000e+05,-1.320106093750000000e+05
4.547688733267999851e+03,-1.875000156250000000e+05,-1.231368359375000000e+05,-1.257443437500000000e+05,1.360307031250000000e+04,-1.875000156250000000e+05,4.689662109375000000e+04,-1.229641875000000000e+05,-1.320342656250000000e+05
4.547689199198999631e+03,-1.875000156250000000e+05,-1.231871953125000000e+05,-1.258106171875000000e+05,1.363805078125000000e+04,-1.875000156250000000e+05,4.693441796875000000e+04,-1.230135156250000000e+05,-1.320497656250000000e+05
4.547689946253000016e+03,-1.875000156250000000e+05,-1.232631015625000000e+05,-1.258644140625000000e+05,1.368557031250000000e+04,-1.875000156250000000e+05,4.698363671875000000e+04,-1.230256093750000000e+05,-1.320130625000000000e+05
4.547741917366000052e+03,-1.875000156250000000e+05,-1.232391171875000000e+05,-1.258202500000000000e+05,1.365655859375000000e+04,-1.875000156250000000e+05,4.695578515625000000e+04,-1.229895156250000000e+05,-1.319984687500000000e+05
4.547742402365000089e+03,-1.875000156250000000e+05,-1.231820703125000000e+05,-1.257659375000000000e+05,1.361956640625000000e+04,-1.875000156250000000e+05,4.691798828125000000e+04,-1.229622656250000000e+05,-1.320104531250000000e+05
4.547743124485000408e+03,-1.875000156250000000e+05,-1.231317109375000000e+05,-1.257509609375000000e+05,1.358188085937500000e+04,-1.875000156250000000e+05,4.688135156250000000e+04,-1.229745625000000000e+05,-1.320496562500000000e+05
4.547743600193999555e+03,-1.875000156250000000e+05,-1.231900078125000000e+05,-1.258246953125000000e+05,1.363163574218750000e+04,-1.875000156250000000e+05,4.693383593750000000e+04,-1.230257656250000000e+05,-1.320575000000000000e+05
4.547744204974999775e+03,-1.875000156250000000e+05,-1.232706953125000000e+05,-1.258757734375000000e+05,1.368653222656250000e+04,-1.875000156250000000e+05,4.699199609375000000e+04,-1.230345312500000000e+05,-1.320141250000000000e+05
4.547744851802999619e+03,-1.875000156250000000e+05,-1.232437421875000000e+05,-1.258259687500000000e+05,1.365302636718750000e+04,-1.875000156250000000e+05,4.695775000000000000e+04,-1.229906093750000000e+05,-1.319946718750000000e+05
4.547745320666999760e+03,-1.875000156250000000e+05,-1.231864765625000000e+05,-1.257749218750000000e+05,1.361127343750000000e+04,-1.875000156250000000e+05,4.691635546875000000e+04,-1.229690390625000000e+05,-1.320152656250000000e+05
4.547745984606999627e+03,-1.875000156250000000e+05,-1.231476953125000000e+05,-1.257569062500000000e+05,1.359482226562500000e+04,-1.875000156250000000e+05,4.689939062500000000e+04,-1.229745156250000000e+05,-1.320403125000000000e+05
4.547746448582000085e+03,-1.875000156250000000e+05,-1.231905234375000000e+05,-1.258201796875000000e+05,1.362703125000000000e+04,-1.875000156250000000e+05,4.693265234375000000e+04,-1.230230859375000000e+05,-1.320542031250000000e+05
4.547747102254999845e+03,-1.875000156250000000e+05,-1.232715703125000000e+05,-1.258756796875000000e+05,1.369039843750000000e+04,-1.875000156250000000e+05,4.699675390625000000e+04,-1.230343515625000000e+05,-1.320132968750000000e+05
4.547747577475000071e+03,-1.875000156250000000e+05,-1.232340859375000000e+05,-1.258186875000000000e+05,1.365168554687500000e+04,-1.875000156250000000e+05,4.695804296875000000e+04,-1.229905156250000000e+05,-1.319963281250000000e+05
4.547748048784000275e+03,-1.875000156250000000e+05,-1.231752578125000000e+05,-1.257740234375000000e+05,1.360510449218750000e+04,-1.875000156250000000e+05,4.691159375000000000e+04,-1.229746015625000000e+05,-1.320226093750000000e+05
4.547748794371999793e+03,-1.875000156250000000e+05,-1.231390468750000000e+05,-1.257580000000000000e+05,1.359828710937500000e+04,-1.875000156250000000e+05,4.690321484375000000e+04,-1.229746484375000000e+05,-1.320352656250000000e+05
4.547749267635999786e+03,-1.875000156250000000e+05,-1.231822968750000000e+05,-1.258186640625000000e+05,1.364066601562500000e+04,-1.875000156250000000e+05,4.694811718750000000e+04,-1.230180312500000000e+05,-1.320437343750000000e+05
4.547749933531999886e+03,-1.875000156250000000e+05,-1.232591171875000000e+05,-1.258677265625000000e+05,1.368465429687500000e+04,-1.875000156250000000e+05,4.699250781250000000e+04,-1.230266875000000000e+05,-1.320093125000000000e+05
4.547801911489000304e+03,-1.875000156250000000e+05,-1.232413515625000000e+05,-1.258254375000000000e+05,1.366464941406250000e+04,-1.875000156250000000e+05,4.697183203125000000e+04,-1.229901796875000000e+05,-1.319904218750000000e+05
4.547802403820999643e+03,-1.875000156250000000e+05,-1.231749843750000000e+05,-1.257678359375000000e+05,1.362030371093750000e+04,-1.875000156250000000e+05,4.692795703125000000e+04,-1.229619531250000000e+05,-1.320036875000000000e+05
4.547802887842000018e+03,-1.875000156250000000e+05,-1.231337734375000000e+05,-1.257529062500000000e+05,1.360188574218750000e+04,-1.875000156250000000e+05,4.690869140625000000e+04,-1.229700859375000000e+05,-1.320323593750000000e+05
4.547803685742999733e+03,-1.875000156250000000e+05,-1.231758593750000000e+05,-1.258100781250000000e+05,1.363514550781250000e+04,-1.875000156250000000e+05,4.694360156250000000e+04,-1.230126953125000000e+05,-1.320428593750000000e+05
4.547804214253999817e+03,-1.875000156250000000e+05,-1.232656484375000000e+05,-1.258660000000000000e+05,1.370414550781250000e+04,-1.875000156250000000e+05,4.701550781250000000e+04,-1.230229921875000000e+05,-1.320002812500000000e+05
4.547804883083000277e+03,-1.875000156250000000e+05,-1.232417734375000000e+05,-1.258128984375000000e+05,1.368302246093750000e+04,-1.875000156250000000e+05,4.699389453125000000e+04,-1.229750937500000000e+05,-1.319700468750000000e+05
4.547805343635999634e+03,-1.875000156250000000e+05,-1.231777343750000000e+05,-1.257569296875000000e+05,1.363816308593750000e+04,-1.875000156250000000e+05,4.694811718750000000e+04,-1.229451875000000000e+05,-1.319870781250000000e+05
4.547806007576000411e+03,-1.875000156250000000e+05,-1.231303750000000000e+05,-1.257422421875000000e+05,1.360736230468750000e+04,-1.875000156250000000e+05,4.691870312500000000e+04,-1.229536406250000000e+05,-1.320220156250000000e+05
4.547806480840000404e+03,-1.875000156250000000e+05,-1.231694687500000000e+05,-1.258021250000000000e+05,1.364189550781250000e+04,-1.875000156250000000e+05,4.695690234375000000e+04,-1.230005546875000000e+05,-1.320343281250000000e+05
4.547807025486000384e+03,-1.875000156250000000e+05,-1.232523437500000000e+05,-1.258634765625000000e+05,1.368662109375000000e+04,-1.875000156250000000e+05,4.700187500000000000e+04,-1.230248750000000000e+05,-1.320101562500000000e+05
4.547807682581000336e+03,-1.875000156250000000e+05,-1.232470703125000000e+05,-1.258211640625000000e+05,1.368130175781250000e+04,-1.875000156250000000e+05,4.699387109375000000e+04,-1.229804375000000000e+05,-1.319815781250000000e+05
4.547808179802000268e+03,-1.875000156250000000e+05,-1.231781640625000000e+05,-1.257599687500000000e+05,1.362987011718750000e+04,-1.875000156250000000e+05,4.693823828125000000e+04,-1.229456171875000000e+05,-1.319945312500000000e+05
4.547809206511999946e+03,-1.875000156250000000e+05,-1.231308203125000000e+05,-1.257553593750000000e+05,1.359046386718750000e+04,-1.875000156250000000e+05,4.689691015625000000e+04,-1.229626718750000000e+05,-1.320412500000000000e+05
4.547809774137000204e+03,-1.875000156250000000e+05,-1.231921796875000000e+05,-1.258340156250000000e+05,1.363771582031250000e+04,-1.875000156250000000e+05,4.695033203125000000e+04,-1.230207343750000000e+05,-1.320571406250000000e+05
4.547810491367000395e+03,-1.875000156250000000e+05,-1.232887812500000000e+05,-1.258828593750000000e+05,1.372696582031250000e+04,-1.875000156250000000e+05,4.704248828125000000e+04,-1.230186406250000000e+05,-1.319929687500000000e+05
4.547862814983999669e+03,-1.875000156250000000e+05,-1.232517890625000000e+05,-1.258189531250000000e+05,1.369437695312500000e+04,-1.875000156250000000e+05,4.700730468750000000e+04,-1.229619531250000000e+05,-1.319622812500000000e+05
4.547863422209999953e+03,-1.875000156250000000e+05,-1.231866093750000000e+05,-1.257661328125000000e+05,1.364527050781250000e+04,-1.875000156250000000e+05,4.695699218750000000e+04,-1.229433359375000000e+05,-1.319874375000000000e+05
4.547863831917000425e+03,-1.875000156250000000e+05,-1.231396953125000000e+05,-1.257481406250000000e+05,1.361064746093750000e+04,-1.875000156250000000e+05,4.692069140625000000e+04,-1.229528984375000000e+05,-1.320227500000000000e+05
4.547864341849999619e+03,-1.875000156250000000e+05,-1.231886406250000000e+05,-1.258220859375000000e+05,1.363872167968750000e+04,-1.875000156250000000e+05,4.695113671875000000e+04,-1.230113515625000000e+05,-1.320477343750000000e+05
4.547864916808000089e+03,-1.875000156250000000e+05,-1.232764843750000000e+05,-1.258869687500000000e+05,1.369594238281250000e+04,-1.875000156250000000e+05,4.700958593750000000e+04,-1.230304843750000000e+05,-1.320130000000000000e+05
4.547865330913999969e+03,-1.875000156250000000e+05,-1.232693359375000000e+05,-1.258428437500000000e+05,1.369250000000000000e+04,-1.875000156250000000e+05,4.700446875000000000e+04,-1.229846640625000000e+05,-1.319801718750000000e+05
4.547865909295000165e+03,-1.875000156250000000e+05,-1.232045156250000000e+05,-1.257800156250000000e+05,1.364895898437500000e+04,-1.875000156250000000e+05,4.695965234375000000e+04,-1.229491875000000000e+05,-1.319899531250000000e+05
4.547866319490000024e+03,-1.875000156250000000e+05,-1.231588515625000000e+05,-1.257613515625000000e+05,1.362747851562500000e+04,-1.875000156250000000e+05,4.693758984375000000e+04,-1.229545781250000000e+05,-1.320200468750000000e+05
4.547866724796000199e+03,-1.875000156250000000e+05,-1.232037968750000000e+05,-1.258210781250000000e+05,1.366916503906250000e+04,-1.875000156250000000e+05,4.697921093750000000e+04,-1.229997265625000000e+05,-1.320280000000000000e+05
4.547867384823999600e+03,-1.875000156250000000e+05,-1.232823671875000000e+05,-1.258774062500000000e+05,1.371999218750000000e+04,-1.875000156250000000e+05,4.703178125000000000e+04,-1.230167812500000000e+05,-1.319957031250000000e+05
4.547867799908999586e+03,-1.875000156250000000e+05,-1.232631640625000000e+05,-1.258309765625000000e+05,1.370099316406250000e+04,-1.875000156250000000e+05,4.701374218750000000e+04,-1.229730625000000000e+05,-1.319691250000000000e+05
4.547868232593999892e+03,-1.875000156250000000e+05,-1.231989453125000000e+05,-1.257751875000000000e+05,1.365968750000000000e+04,-1.875000156250000000e+05,4.697239062500000000e+04,-1.229485859375000000e+05,-1.319861718750000000e+05
4.547868871110000327e+03,-1.875000156250000000e+05,-1.231587578125000000e+05,-1.257570390625000000e+05,1.365117187500000000e+04,-1.875000156250000000e+05,4.696539453125000000e+04,-1.229469765625000000e+05,-1.320023437500000000e+05
4.547869283261000419e+03,-1.875000156250000000e+05,-1.232063671875000000e+05,-1.258158046875000000e+05,1.369618750000000000e+04,-1.875000156250000000e+05,4.701466015625000000e+04,-1.229837265625000000e+05,-1.320030312500000000e+05
4.547869867508000425e+03,-1.875000156250000000e+05,-1.232743671875000000e+05,-1.258664062500000000e+05,1.373369433593750000e+04,-1.875000156250000000e+05,4.705542968750000000e+04,-1.229980078125000000e+05,-1.319765156250000000e+05
4.547921891424000023e+03,-1.875000156250000000e+05,-1.232597421875000000e+05,-1.258291640625000000e+05,1.372175781250000000e+04,-1.875000156250000000e+05,4.704166015625000000e+04,-1.229632265625000000e+05,-1.319558906250000000e+05
4.547922377889000018e+03,-1.875000156250000000e+05,-1.231939609375000000e+05,-1.257652656250000000e+05,1.368270996093750000e+04,-1.875000156250000000e+05,4.699975000000000000e+04,-1.229253437500000000e+05,-1.319598281250000000e+05
4.547922844308999629e+03,-1.875000156250000000e+05,-1.231412109375000000e+05,-1.257456640625000000e+05,1.363957128906250000e+04,-1.875000156250000000e+05,4.695540625000000000e+04,-1.229402968750000000e+05,-1.320038750000000000e+05
4.547923641721000422e+03,-1.875000156250000000e+05,-1.231869921875000000e+05,-1.258136562500000000e+05,1.366583398437500000e+04,-1.875000156250000000e+05,4.698390234375000000e+04,-1.229948125000000000e+05,-1.320286093750000000e+05
4.547924167299000146e+03,-1.875000156250000000e+05,-1.232775781250000000e+05,-1.258822109375000000e+05,1.372589355468750000e+04,-1.875000156250000000e+05,4.704438671875000000e+04,-1.230159296875000000e+05,-1.319962343750000000e+05
4.547924842972000079e+03,-1.875000156250000000e+05,-1.232644140625000000e+05,-1.258369453125000000e+05,1.371532128906250000e+04,-1.875000156250000000e+05,4.703292187500000000e+04,-1.229718984375000000e+05,-1.319658125000000000e+05
4.547925309881000430e+03,-1.875000156250000000e+05,-1.231951250000000000e+05,-1.257738671875000000e+05,1.366713085937500000e+04,-1.875000156250000000e+05,4.698309765625000000e+04,-1.229421250000000000e+05,-1.319790312500000000e+05
4.547925971376000234e+03,-1.875000156250000000e+05,-1.231478984375000000e+05,-1.257557890625000000e+05,1.363977246093750000e+04,-1.875000156250000000e+05,4.695477734375000000e+04,-1.229487187500000000e+05,-1.320085312500000000e+05
4.547926447574000122e+03,-1.875000156250000000e+05,-1.231989453125000000e+05,-1.258190000000000000e+05,1.368823046875000000e+04,-1.875000156250000000e+05,4.700457812500000000e+04,-1.229915234375000000e+05,-1.320154218750000000e+05
4.547926910572000452e+03,-1.875000156250000000e+05,-1.232757265625000000e+05,-1.258710781250000000e+05,1.374082421875000000e+04,-1.875000156250000000e+05,4.705815625000000000e+04,-1.230021875000000000e+05,-1.319788281250000000e+05
4.547927643936000095e+03,-1.875000156250000000e+05,-1.232576640625000000e+05,-1.258229531250000000e+05,1.373114648437500000e+04,-1.875000156250000000e+05,4.704852343750000000e+04,-1.229565859375000000e+05,-1.319499218750000000e+05
4.547928130401999624e+03,-1.875000156250000000e+05,-1.231882187500000000e+05,-1.257588906250000000e+05,1.368899023437500000e+04,-1.875000156250000000e+05,4.700462500000000000e+04,-1.229214296875000000e+05,-1.319609843750000000e+05
4.547928803142000106e+03,-1.875000156250000000e+05,-1.231326562500000000e+05,-1.257383046875000000e+05,1.365447949218750000e+04,-1.875000156250000000e+05,4.696839062500000000e+04,-1.229255625000000000e+05,-1.319918125000000000e+05
4.547929280805999952e+03,-1.875000156250000000e+05,-1.231782500000000000e+05,-1.258086953125000000e+05,1.368076562500000000e+04,-1.875000156250000000e+05,4.699955078125000000e+04,-1.229827421875000000e+05,-1.320172500000000000e+05
4.547929945234999650e+03,-1.875000156250000000e+05,-1.232672578125000000e+05,-1.258722656250000000e+05,1.373248730468750000e+04,-1.875000156250000000e+05,4.705232031250000000e+04,-1.230034140625000000e+05,-1.319879687500000000e+05
4.547981869901000209e+03,-1.875000156250000000e+05,-1.232524609375000000e+05,-1.258265937500000000e+05,1.371663964843750000e+04,-1.875000156250000000e+05,4.703475390625000000e+04,-1.229610156250000000e+05,-1.319624375000000000e+05
4.547982556330999614e+03,-1.875000156250000000e+05,-1.231904531250000000e+05,-1.257650625000000000e+05,1.367303125000000000e+04,-1.875000156250000000e+05,4.698975781250000000e+04,-1.229306406250000000e+05,-1.319737343750000000e+05
4.547983018838999669e+03,-1.875000156250000000e+05,-1.231383046875000000e+05,-1.257464921875000000e+05,1.363118945312500000e+04,-1.875000156250000000e+05,4.694668750000000000e+04,-1.229421015625000000e+05,-1.320162500000000000e+05
4.547983683268000277e+03,-1.875000156250000000e+05,-1.231841484375000000e+05,-1.258188828125000000e+05,1.366726464843750000e+04,-1.875000156250000000e+05,4.698517578125000000e+04,-1.229959921875000000e+05,-1.320369687500000000e+05
4.547984211291000065e+03,-1.875000156250000000e+05,-1.232622031250000000e+05,-1.258805078125000000e+05,1.371055957031250000e+04,-1.875000156250000000e+05,4.702831640625000000e+04,-1.230145937500000000e+05,-1.320072187500000000e+05
4.547984853228999782e+03,-1.875000156250000000e+05,-1.232612656250000000e+05,-1.258419765625000000e+05,1.371359960937500000e+04,-1.875000156250000000e+05,4.703200390625000000e+04,-1.229752734375000000e+05,-1.319767656250000000e+05
4.547985339204999946e+03,-1.875000156250000000e+05,-1.231925078125000000e+05,-1.257689296875000000e+05,1.368224023437500000e+04,-1.875000156250000000e+05,4.700116015625000000e+04,-1.229283593750000000e+05,-1.319698125000000000e+05
4.547985799758000212e+03,-1.875000156250000000e+05,-1.231398046875000000e+05,-1.257425546875000000e+05,1.365396582031250000e+04,-1.875000156250000000e+05,4.697290625000000000e+04,-1.229307265625000000e+05,-1.319993906250000000e+05
4.547986542411999835e+03,-1.875000156250000000e+05,-1.231717890625000000e+05,-1.257996875000000000e+05,1.366753320312500000e+04,-1.875000156250000000e+05,4.698879687500000000e+04,-1.229826093750000000e+05,-1.320245312500000000e+05
4.547987021543999617e+03,-1.875000156250000000e+05,-1.232632578125000000e+05,-1.258741875000000000e+05,1.372204882812500000e+04,-1.875000156250000000e+05,4.704583984375000000e+04,-1.230148828125000000e+05,-1.320062500000000000e+05
4.547987686950000352e+03,-1.875000156250000000e+05,-1.232489531250000000e+05,-1.258244296875000000e+05,1.371225878906250000e+04,-1.875000156250000000e+05,4.703374609375000000e+04,-1.229652578125000000e+05,-1.319710937500000000e+05
4.547988181237999925e+03,-1.875000156250000000e+05,-1.231787656250000000e+05,-1.257613984375000000e+05,1.365615625000000000e+04,-1.875000156250000000e+05,4.697449218750000000e+04,-1.229372968750000000e+05,-1.319927656250000000e+05
4.547988727838999694e+03,-1.875000156250000000e+05,-1.231301953125000000e+05,-1.257448125000000000e+05,1.362479687500000000e+04,-1.875000156250000000e+05,4.694295312500000000e+04,-1.229493906250000000e+05,-1.320314687500000000e+05
4.547989379067000300e+03,-1.875000156250000000e+05,-1.231685937500000000e+05,-1.258039765625000000e+05,1.365521679687500000e+04,-1.875000156250000000e+05,4.697516406250000000e+04,-1.229959687500000000e+05,-1.320501250000000000e+05
4.547989855265000188e+03,-1.875000156250000000e+05,-1.232474062500000000e+05,-1.258681953125000000e+05,1.369795410156250000e+04,-1.875000156250000000e+05,4.701966796875000000e+04,-1.230229296875000000e+05,-1.320263281250000000e+05
4.548041809266000200e+03,-1.875000156250000000e+05,-1.232447890625000000e+05,-1.258305781250000000e+05,1.369381835937500000e+04,-1.875000156250000000e+05,4.701584375000000000e+04,-1.229840156250000000e+05,-1.319940468750000000e+05
4.548042508407999776e+03,-1.875000156250000000e+05,-1.231755937500000000e+05,-1.257702265625000000e+05,1.364077832031250000e+04,-1.875000156250000000e+05,4.696217578125000000e+04,-1.229509375000000000e+05,-1.320097656250000000e+05
4.548042996338999728e+03,-1.875000156250000000e+05,-1.231279375000000000e+05,-1.257500859375000000e+05,1.361424609375000000e+04,-1.875000156250000000e+05,4.693457421875000000e+04,-1.229558046875000000e+05,-1.320423437500000000e+05
4.548043471070999658e+03,-1.875000156250000000e+05,-1.231636328125000000e+05,-1.258114218750000000e+05,1.362962402343750000e+04,-1.875000156250000000e+05,4.694963671875000000e+04,-1.230088281250000000e+05,-1.320680937500000000e+05
4.548044262127000366e+03,-1.875000156250000000e+05,-1.232632109375000000e+05,-1.258833906250000000e+05,1.369629980468750000e+04,-1.875000156250000000e+05,4.702026953125000000e+04,-1.230363203125000000e+05,-1.320371406250000000e+05
4.548044734903000062e+03,-1.875000156250000000e+05,-1.232483203125000000e+05,-1.258340859375000000e+05,1.367383593750000000e+04,-1.875000156250000000e+05,4.699916796875000000e+04,-1.229909453125000000e+05,-1.320050000000000000e+05
4.548045412043000397e+03,-1.875000156250000000e+05,-1.231941640625000000e+05,-1.257781796875000000e+05,1.364319140625000000e+04,-1.875000156250000000e+05,4.696901562500000000e+04,-1.229598750000000000e+05,-1.320127968750000000e+05
4.548045878463000008e+03,-1.875000156250000000e+05,-1.231428203125000000e+05,-1.257474921875000000e+05,1.361864941406250000e+04,-1.875000156250000000e+05,4.694474218750000000e+04,-1.229563203125000000e+05,-1.320352656250000000e+05
4.548046533112999896e+03,-1.875000156250000000e+05,-1.231697812500000000e+05,-1.258034375000000000e+05,1.363004882812500000e+04,-1.875000156250000000e+05,4.695864453125000000e+04,-1.230061640625000000e+05,-1.320603437500000000e+05
4.548047008821999952e+03,-1.875000156250000000e+05,-1.232634531250000000e+05,-1.258784296875000000e+05,1.369585253906250000e+04,-1.875000156250000000e+05,4.702576953125000000e+04,-1.230362734375000000e+05,-1.320358906250000000e+05
4.548047471331000452e+03,-1.875000156250000000e+05,-1.232432734375000000e+05,-1.258286796875000000e+05,1.367676464843750000e+04,-1.875000156250000000e+05,4.700648046875000000e+04,-1.229885078125000000e+05,-1.320027031250000000e+05
4.548048228163000203e+03,-1.875000156250000000e+05,-1.231744531250000000e+05,-1.257761953125000000e+05,1.361952148437500000e+04,-1.875000156250000000e+05,4.694818359375000000e+04,-1.229663359375000000e+05,-1.320266093750000000e+05
4.548048698006000450e+03,-1.875000156250000000e+05,-1.231337265625000000e+05,-1.257650859375000000e+05,1.358869824218750000e+04,-1.875000156250000000e+05,4.691908203125000000e+04,-1.229812421875000000e+05,-1.320647500000000000e+05
4.548049371234999853e+03,-1.875000156250000000e+05,-1.231784296875000000e+05,-1.258228203125000000e+05,1.362113085937500000e+04,-1.875000156250000000e+05,4.695516015625000000e+04,-1.230296562500000000e+05,-1.320788437500000000e+05
4.548049838631999592e+03,-1.875000156250000000e+05,-1.232632734375000000e+05,-1.258882890625000000e+05,1.367477539062500000e+04,-1.875000156250000000e+05,4.701052343750000000e+04,-1.230505312500000000e+05,-1.320488593750000000e+05
4.548101850324999759e+03,-1.875000156250000000e+05,-1.232482109375000000e+05,-1.258485000000000000e+05,1.365488183593750000e+04,-1.875000156250000000e+05,4.699136718750000000e+04,-1.230089375000000000e+05,-1.320232812500000000e+05
4.548102546043000075e+03,-1.875000156250000000e+05,-1.231986328125000000e+05,-1.257933125000000000e+05,1.363896777343750000e+04,-1.875000156250000000e+05,4.697690625000000000e+04,-1.229768828125000000e+05,-1.320242031250000000e+05
4.548103006596000341e+03,-1.875000156250000000e+05,-1.231382421875000000e+05,-1.257518281250000000e+05,1.360624414062500000e+04,-1.875000156250000000e+05,4.694346875000000000e+04,-1.229679687500000000e+05,-1.320429062500000000e+05
4.548103664668999954e+03,-1.875000156250000000e+05,-1.231727109375000000e+05,-1.258145312500000000e+05,1.363174804687500000e+04,-1.875000156250000000e+05,4.697272656250000000e+04,-1.230243593750000000e+05,-1.320706093750000000e+05
4.548104248427000130e+03,-1.875000156250000000e+05,-1.232578437500000000e+05,-1.258774921875000000e+05,1.368986230468750000e+04,-1.875000156250000000e+05,4.703092968750000000e+04,-1.230413437500000000e+05,-1.320333593750000000e+05
4.548104816541000218e+03,-1.875000156250000000e+05,-1.232481640625000000e+05,-1.258378828125000000e+05,1.368588378906250000e+04,-1.875000156250000000e+05,4.702127734375000000e+04,-1.229963046875000000e+05,-1.320047031250000000e+05
4.548105230647000099e+03,-1.875000156250000000e+05,-1.231813125000000000e+05,-1.257725546875000000e+05,1.364415332031250000e+04,-1.875000156250000000e+05,4.697826953125000000e+04,-1.229573671875000000e+05,-1.320090000000000000e+05
4.548105635953000274e+03,-1.875000156250000000e+05,-1.231331640625000000e+05,-1.257498437500000000e+05,1.362021386718750000e+04,-1.875000156250000000e+05,4.695426562500000000e+04,-1.229619062500000000e+05,-1.320387343750000000e+05
4.548106249534999733e+03,-1.875000156250000000e+05,-1.231558125000000000e+05,-1.258076406250000000e+05,1.363100976562500000e+04,-1.875000156250000000e+05,4.696494921875000000e+04,-1.230105703125000000e+05,-1.320630625000000000e+05
4.548106656308000311e+03,-1.875000156250000000e+05,-1.232516953125000000e+05,-1.258861406250000000e+05,1.369464550781250000e+04,-1.875000156250000000e+05,4.703146875000000000e+04,-1.230396250000000000e+05,-1.320348437500000000e+05
4.548107207797999763e+03,-1.875000156250000000e+05,-1.232512734375000000e+05,-1.258425546875000000e+05,1.369679101562500000e+04,-1.875000156250000000e+05,4.703428515625000000e+04,-1.229899375000000000e+05,-1.319945781250000000e+05
4.548107624838999982e+03,-1.875000156250000000e+05,-1.231858046875000000e+05,-1.257763046875000000e+05,1.365541796875000000e+04,-1.875000156250000000e+05,4.699315625000000000e+04,-1.229474218750000000e+05,-1.319987187500000000e+05
4.548108052145999864e+03,-1.875000156250000000e+05,-1.231373671875000000e+05,-1.257592500000000000e+05,1.363118945312500000e+04,-1.875000156250000000e+05,4.696720703125000000e+04,-1.229550937500000000e+05,-1.320288437500000000e+05
4.548108672082999874e+03,-1.875000156250000000e+05,-1.231629375000000000e+05,-1.258117578125000000e+05,1.365416699218750000e+04,-1.875000156250000000e+05,4.699049609375000000e+04,-1.229967734375000000e+05,-1.320421406250000000e+05
4.548109084722999796e+03,-1.875000156250000000e+05,-1.232445234375000000e+05,-1.258866328125000000e+05,1.368961621093750000e+04,-1.875000156250000000e+05,4.702784765625000000e+04,-1.230340156250000000e+05,-1.320329375000000000e+05
4.548162832044000425e+03,-1.875000156250000000e+05,-1.232470078125000000e+05,-1.258502421875000000e+05,1.369310351562500000e+04,-1.875000156250000000e+05,4.703095312500000000e+04,-1.229892187500000000e+05,-1.319947343750000000e+05
4.548163264239999990e+03,-1.875000156250000000e+05,-1.231782500000000000e+05,-1.257884843750000000e+05,1.363684375000000000e+04,-1.875000156250000000e+05,4.697534375000000000e+04,-1.229593593750000000e+05,-1.320131562500000000e+05
4.548163678347000314e+03,-1.875000156250000000e+05,-1.231373046875000000e+05,-1.257758125000000000e+05,1.361420214843750000e+04,-1.875000156250000000e+05,4.695167187500000000e+04,-1.229709375000000000e+05,-1.320476406250000000e+05
4.548164440067999749e+03,-1.875000156250000000e+05,-1.231731796875000000e+05,-1.258314687500000000e+05,1.365150683593750000e+04,-1.875000156250000000e+05,4.699007421875000000e+04,-1.230136093750000000e+05,-1.320586718750000000e+05
4.548164854663999904e+03,-1.875000156250000000e+05,-1.232633671875000000e+05,-1.258947890625000000e+05,1.371793652343750000e+04,-1.875000156250000000e+05,4.705960937500000000e+04,-1.230331875000000000e+05,-1.320240156250000000e+05
4.548165431577000163e+03,-1.875000156250000000e+05,-1.232579375000000000e+05,-1.258449921875000000e+05,1.371985839843750000e+04,-1.875000156250000000e+05,4.706079296875000000e+04,-1.229820234375000000e+05,-1.319792656250000000e+05
4.548165849594999600e+03,-1.875000156250000000e+05,-1.231785390625000000e+05,-1.257765703125000000e+05,1.365765332031250000e+04,-1.875000156250000000e+05,4.699639843750000000e+04,-1.229495468750000000e+05,-1.319968437500000000e+05
4.548166251968000324e+03,-1.875000156250000000e+05,-1.231277578125000000e+05,-1.257597187500000000e+05,1.362562304687500000e+04,-1.875000156250000000e+05,4.696271484375000000e+04,-1.229633203125000000e+05,-1.320357500000000000e+05
4.548166906129000381e+03,-1.875000156250000000e+05,-1.231683046875000000e+05,-1.258226171875000000e+05,1.365877148437500000e+04,-1.875000156250000000e+05,4.699872265625000000e+04,-1.230142109375000000e+05,-1.320514062500000000e+05
4.548167321214000367e+03,-1.875000156250000000e+05,-1.232585625000000000e+05,-1.258888281250000000e+05,1.371780175781250000e+04,-1.875000156250000000e+05,4.706050390625000000e+04,-1.230351796875000000e+05,-1.320204843750000000e+05
4.548167726030999802e+03,-1.875000156250000000e+05,-1.232510937500000000e+05,-1.258498906250000000e+05,1.370555371093750000e+04,-1.875000156250000000e+05,4.704559375000000000e+04,-1.229921718750000000e+05,-1.319952500000000000e+05
4.548168405616000200e+03,-1.875000156250000000e+05,-1.231850937500000000e+05,-1.257908593750000000e+05,1.365409960937500000e+04,-1.875000156250000000e+05,4.699416406250000000e+04,-1.229654843750000000e+05,-1.320112187500000000e+05
4.548168825099999594e+03,-1.875000156250000000e+05,-1.231448593750000000e+05,-1.257710781250000000e+05,1.363874414062500000e+04,-1.875000156250000000e+05,4.698012500000000000e+04,-1.229718359375000000e+05,-1.320351562500000000e+05
4.548169318899000245e+03,-1.875000156250000000e+05,-1.231731093750000000e+05,-1.258246953125000000e+05,1.365403222656250000e+04,-1.875000156250000000e+05,4.699778515625000000e+04,-1.230175625000000000e+05,-1.320564687500000000e+05
4.548169885057000101e+03,-1.875000156250000000e+05,-1.232704062500000000e+05,-1.259044453125000000e+05,1.371688574218750000e+04,-1.875000156250000000e+05,4.706101562500000000e+04,-1.230486328125000000e+05,-1.320355156250000000e+05
4.548221732963000250e+03,-1.875000156250000000e+05,-1.232724218750000000e+05,-1.258606875000000000e+05,1.373237500000000000e+04,-1.875000156250000000e+05,4.707467187500000000e+04,-1.229933125000000000e+05,-1.319845937500000000e+05
4.548222401791000266e+03,-1.875000156250000000e+05,-1.231920000000000000e+05,-1.257857578125000000e+05,1.367437304687500000e+04,-1.875000156250000000e+05,4.701584375000000000e+04,-1.229546250000000000e+05,-1.319960625000000000e+05
4.548222877012000026e+03,-1.875000156250000000e+05,-1.231401640625000000e+05,-1.257618203125000000e+05,1.364951757812500000e+04,-1.875000156250000000e+05,4.699054296875000000e+04,-1.229542890625000000e+05,-1.320229062500000000e+05
4.548223331209000207e+03,-1.875000156250000000e+05,-1.231755937500000000e+05,-1.258254140625000000e+05,1.367712207031250000e+04,-1.875000156250000000e+05,4.702116406250000000e+04,-1.230068125000000000e+05,-1.320458125000000000e+05
4.548224149155000305e+03,-1.875000156250000000e+05,-1.232700234375000000e+05,-1.258899843750000000e+05,1.375244726562500000e+04,-1.875000156250000000e+05,4.709986328125000000e+04,-1.230204687500000000e+05,-1.320006562500000000e+05
4.548224560327999825e+03,-1.875000156250000000e+05,-1.232490625000000000e+05,-1.258418671875000000e+05,1.372819531250000000e+04,-1.875000156250000000e+05,4.707527734375000000e+04,-1.229742031250000000e+05,-1.319695781250000000e+05
4.548225147019999895e+03,-1.875000156250000000e+05,-1.231849765625000000e+05,-1.257880390625000000e+05,1.367162304687500000e+04,-1.875000156250000000e+05,4.701959765625000000e+04,-1.229546875000000000e+05,-1.319948281250000000e+05
4.548225562593000177e+03,-1.875000156250000000e+05,-1.231505156250000000e+05,-1.257698437500000000e+05,1.365845800781250000e+04,-1.875000156250000000e+05,4.700777343750000000e+04,-1.229592031250000000e+05,-1.320160468750000000e+05
4.548225964965999992e+03,-1.875000156250000000e+05,-1.231870781250000000e+05,-1.258201171875000000e+05,1.368447558593750000e+04,-1.875000156250000000e+05,4.703817187500000000e+04,-1.229991015625000000e+05,-1.320301875000000000e+05
4.548226620104999711e+03,-1.875000156250000000e+05,-1.232718593750000000e+05,-1.258840390625000000e+05,1.373566113281250000e+04,-1.875000156250000000e+05,4.709394140625000000e+04,-1.230213437500000000e+05,-1.320022343750000000e+05
4.548227029321999908e+03,-1.875000156250000000e+05,-1.232643281250000000e+05,-1.258432031250000000e+05,1.372544628906250000e+04,-1.875000156250000000e+05,4.708430859375000000e+04,-1.229825625000000000e+05,-1.319737968750000000e+05
4.548227443918000063e+03,-1.875000156250000000e+05,-1.232023046875000000e+05,-1.257772187500000000e+05,1.368711328125000000e+04,-1.875000156250000000e+05,4.704588281250000000e+04,-1.229487656250000000e+05,-1.319794218750000000e+05
4.548228101013000014e+03,-1.875000156250000000e+05,-1.231406562500000000e+05,-1.257474687500000000e+05,1.364916015625000000e+04,-1.875000156250000000e+05,4.700703906250000000e+04,-1.229512890625000000e+05,-1.320102812500000000e+05
4.548228512675000275e+03,-1.875000156250000000e+05,-1.231679687500000000e+05,-1.258088515625000000e+05,1.367041601562500000e+04,-1.875000156250000000e+05,4.702898828125000000e+04,-1.230015859375000000e+05,-1.320366562500000000e+05
4.548229107678000219e+03,-1.875000156250000000e+05,-1.232565078125000000e+05,-1.258844453125000000e+05,1.372656347656250000e+04,-1.875000156250000000e+05,4.708689843750000000e+04,-1.230286093750000000e+05,-1.320115312500000000e+05
4.548281723172000056e+03,-1.875000156250000000e+05,-1.232585625000000000e+05,-1.258458671875000000e+05,1.372882128906250000e+04,-1.875000156250000000e+05,4.709007421875000000e+04,-1.229837890625000000e+05,-1.319721718750000000e+05
4.548282308396999724e+03,-1.875000156250000000e+05,-1.231940781250000000e+05,-1.257853125000000000e+05,1.367671972656250000e+04,-1.875000156250000000e+05,4.703785937500000000e+04,-1.229532578125000000e+05,-1.319865781250000000e+05
4.548282736682000177e+03,-1.875000156250000000e+05,-1.231436484375000000e+05,-1.257616015625000000e+05,1.364672363281250000e+04,-1.875000156250000000e+05,4.700813281250000000e+04,-1.229582187500000000e+05,-1.320179843750000000e+05
4.548283135143999971e+03,-1.875000156250000000e+05,-1.231765937500000000e+05,-1.258148828125000000e+05,1.367638378906250000e+04,-1.875000156250000000e+05,4.704150390625000000e+04,-1.230031484375000000e+05,-1.320360312500000000e+05
4.548283790282999689e+03,-1.875000156250000000e+05,-1.232639921875000000e+05,-1.258772265625000000e+05,1.374281347656250000e+04,-1.875000156250000000e+05,4.710967578125000000e+04,-1.230214062500000000e+05,-1.319983906250000000e+05
4.548284237634999954e+03,-1.875000156250000000e+05,-1.232485234375000000e+05,-1.258318281250000000e+05,1.373432031250000000e+04,-1.875000156250000000e+05,4.709881250000000000e+04,-1.229775312500000000e+05,-1.319690312500000000e+05
4.548284641475000171e+03,-1.875000156250000000e+05,-1.231831875000000000e+05,-1.257679687500000000e+05,1.369386328125000000e+04,-1.875000156250000000e+05,4.705770703125000000e+04,-1.229415703125000000e+05,-1.319769687500000000e+05
